PID	Street Address	MBLU	Book&Page	Assessment	Appraisal	Lot Size (acres)	Land Use Code	Description	Zoning District	# Buildings	Appr. Year	Improvements	Land	Total	Recent Sale Price	Recent Sale Date	Prev Sale Price	Prev Sale Date	
123	30 PLEASANT ST	201/  86/  /  / 	  4371/0348	$284,100	$284,100	0.69	1010	SINGLE FAM MDL01	LCD	1	2016	$151,900	$132,200	$284,100	$295,000	06/29/2018	$185,000	03/24/2006	21:15:09	1
125	24 PLEASANT ST	201/  88/  /  / 	  4071/0118	$427,700	$427,700	2.3	1010	SINGLE FAM MDL01	LCD	1	2016	$272,000	$155,700	$427,700	$365,000	07/21/2014			21:15:12	2
127	16 PLEASANT ST	201/  90/  /  / 	  4430/0014	$393,500	$393,500	0.9	1010	SINGLE FAM MDL01	LCD	1	2016	$240,200	$153,300	$393,500	$405,000	05/01/2019	$365,000	07/11/2006	21:15:18	3
128	12+14 PLEASANT ST	201/  91/  /  / 	  3779/0878	$583,500	$583,500	0.8	1090	MULTI HSES	LCD	2	2016	$395,000	$188,500	$583,500	$200,000	03/15/2011	$125,000	09/09/1997	21:15:22	4
129	10 PLEASANT ST	201/  92/  /  / 	  4152/0371	$339,800	$339,800	1.3	1010	SINGLE FAM MDL01	LCD	1	2016	$182,300	$157,500	$339,800	$286,000	08/24/2015	$225,000	03/07/2006	21:15:23	5
132	6 JOHN THOMSON WY (L/O)	201/  93/  100/  / 	 	$40,300	$40,300	0.16	9030	MUNICPAL  MDL-00	LDC	1	2016	$0	$40,300	$40,300	$0				21:15:24	6
133	6 JOHN THOMSON WY(HORSESHD)	201/  93/  200/  / 	  1005/0574	$42,000	$42,000	0	9060	CHURCH ETC  MDL-00		1	2016	$42,000	$0	$42,000	$0				21:15:26	7
136	2 PLEASANT ST (JAILHOUSE)	201/  94/  100/  / 	 	$27,400	$27,400	0.07	903I	MUNICPAL  MDL-96	LCD	1	2016	$15,200	$12,200	$27,400	$0				21:15:29	8
137	4 JOHN THOMSON WY	201/  94/  200/  / 	 	$236,300	$236,300	1.85	920C	NON PROFIT  MDL-94	LCD	1	2016	$46,900	$189,400	$236,300	$0				21:15:31	9
139	5 DORCHESTER RD	201/  96/  /  / 	 	$247,800	$247,800	0.09	906C	CHURCH ETC  MDL-94	LCD	1	2016	$81,400	$166,400	$247,800	$0				21:15:33	10
140	7 DORCHESTER RD	201/  97/  /  / 	  3890/0633	$677,700	$677,700	0.31	1010	SINGLE FAM MDL01	LCD	1	2016	$526,200	$151,500	$677,700	$733,000	06/13/2012	$257,000	09/19/1996	21:15:35	11
143	19 DORCHESTER RD	201/  100/  /  / 	  4223/0595	$494,100	$494,100	1.5	1010	SINGLE FAM MDL01	LCD	1	2016	$287,200	$206,900	$494,100	$465,000	07/29/2016	$222,000	09/02/1993	21:15:38	12
144	21 DORCHESTER RD	201/  101/  /  / 	  4154/0182	$277,800	$277,800	0.43	1010	SINGLE FAM MDL01	LCD	1	2016	$144,800	$133,000	$277,800	$266,700	08/31/2015	$92,571	07/15/1992	21:15:42	13
148	50 HIGH ST	201/  102/  1000/  / 	  4403/0829	$306,500	$306,500	1.37	1010	SINGLE FAM MDL01	LCD	1	2016	$163,800	$142,700	$306,500	$0	11/29/2018	$122,000	08/24/1994	21:15:45	14
149	48 HIGH ST	201/  102/  2000/  / 	  4403/0829	$556,800	$556,800	1.51	3050	HOSP PVT	LCD	1	2016	$385,600	$171,200	$556,800	$0	11/29/2018	$20,000	08/01/1995	21:15:47	15
150	44 HIGH ST (FIRE STATION)	201/  103/  /  / 	 	$580,900	$580,900	1.28	9032	FIRE	LCD	1	2016	$410,700	$170,200	$580,900	$0				21:15:50	16
151	40 HIGH ST	201/  104/  /  / 	  4419/0497	$218,500	$218,500	10	3900	DEVEL LAND	LCD	1	2016	$0	$218,500	$218,500	$200,000	03/04/2019	$4,286	05/31/1991	21:15:53	17
153	36 HIGH ST	201/  106/  /  / 	  1970/0315	$260,700	$260,700	0.66	1010	SINGLE FAM MDL01	LCD	1	2016	$149,400	$111,300	$260,700	$115,048	06/01/1992			21:15:55	18
154	32 HIGH ST	201/  107/  /  / 	  3080/0109	$164,900	$164,900	0.52	1010	SINGLE FAM MDL01	LCD	1	2016	$82,500	$82,400	$164,900	$0	11/18/2004	$75,000	11/10/1998	21:15:56	19
159	30 HIGH ST	201/  109/  1000/  / 	  0841/0392	$187,300	$187,300	1.96	9010	STATE NH	LCD	1	2016	$21,200	$166,100	$187,300	$0	06/02/1955			21:16:00	20
161	24 HIGH ST (HIGHWAY GARAGE)	201/  110/  1000/  / 	002888/0819	$781,700	$781,700	3.47	903I	MUNICPAL  MDL-96	LCD	1	2016	$562,100	$219,600	$781,700	$0	09/10/2003			21:16:02	21
162	18 HIGH ST	201/  111/  /  / 	  2264/0263	$292,200	$292,200	1.8	1010	SINGLE FAM MDL01	LCD	1	2016	$165,400	$126,800	$292,200	$125,000	08/05/1997			21:16:06	22
163	14 HIGH ST	201/  112/  /  / 	  2258/0725	$428,500	$428,500	0.76	1090	MULTI HSES	LCD	2	2016	$269,600	$158,900	$428,500	$111,000	06/27/1997	$4,000	01/22/1988	21:16:07	23
164	8 HIGH ST	201/  113/  /  / 	  3957/0001	$144,500	$144,500	0.58	1010	SINGLE FAM MDL01	LCD	1	2016	$46,200	$98,300	$144,500	$0	02/20/2013	$100,000	04/06/2007	21:16:11	24
167	4 CREAMERY LN	201/  117/  /  / 	  2249/0467	$513,300	$513,300	1.53	0101	Single Fam	LCD	2	2016	$289,300	$224,000	$513,300	$0	12/02/1996	$138,500	09/22/1995	21:16:14	25
168	13 CREAMERY LN	201/  118/  /  / 	  4111/0827	$304,100	$304,100	1.5	1010	SINGLE FAM MDL01	LCD	1	2016	$174,500	$129,600	$304,100	$0	02/23/2015	$4,000	03/23/1988	21:16:18	26
170	1 HIGH ST	201/  120/  /  / 	  3546/0936	$1,492,300	$1,492,300	3.11	903R	MUNICIPAL MDL-01	LCD	2	2016	$1,225,500	$266,800	$1,492,300	$0	09/02/2008			21:16:21	27
172	10 SPRING HILL LN	201/  123/  /  / 	  2253/ 229	$300	$161,400	7.68	6335	OTUNR-5	LCD	1	2016	$0	$161,400	$161,400	$835,000	05/30/1997	$10,000	01/31/1997	21:16:24	28
173	6 SPRING HILL LN	201/  124/  /  / 	  3408/0510	$619,200	$619,200	1.5	1010	SINGLE FAM MDL01		1	2016	$465,200	$154,000	$619,200	$500,000	05/18/2007	$390,000	07/31/2003	21:16:25	29
174	13 HIGH ST	201/  125/  /  / 	  3993/0932	$284,500	$284,500	1.56	1010	SINGLE FAM MDL01	LCD	1	2016	$152,300	$132,200	$284,500	$255,000	07/09/2013			21:16:28	30
176	15 HIGH ST	201/  126/  /  / 	  1413/0147	$294,500	$294,500	1.66	1010	SINGLE FAM MDL01	LCD	1	2016	$156,600	$137,900	$294,500	$4,000	12/23/1980			21:16:30	31
100021	288 ORFORD RD	406/  22/  2000/  / 	  4349/0226	$1,359,700	$1,649,100	158.82	1010	SINGLE FAM MDL01	RD	1	2016	$1,128,800	$520,300	$1,649,100	$0	03/21/2018	$1,200,000	11/01/2016	21:16:34	32
177	19 HIGH ST	201/  127/  /  / 	  4181/ 634	$214,900	$214,900	1.3	1010	SINGLE FAM MDL01	LCD	1	2016	$85,100	$129,800	$214,900	$175,000	01/05/2016			21:16:35	33
178	27 HIGH ST	201/  128/  1000/  / 	  2197/0241	$358,400	$358,400	2.17	1010	SINGLE FAM MDL01	LCD	1	2016	$231,800	$126,600	$358,400	$165,000	05/17/1996	$85,000	03/31/1989	21:16:36	34
179	35 HIGH ST	201/  129/  /  / 	4130-0104	$287,500	$287,500	1.7	1010	SINGLE FAM MDL01	LCD	1	2016	$149,400	$138,100	$287,500	$249,000	05/26/2015	$240,000	11/22/2004	21:16:40	35
181	31 ROCKY HILL LN	201/  131/  /  / 	  2804/0476	$2,500	$333,600	20	1320	RES ACLNUD	LCD	1	2016	$0	$333,600	$333,600	$0	04/16/2003	$66,000	12/14/1987	21:16:42	36
182	12 ROCKY HILL LN	201/  132/  /  / 	  1682/0690	$686,100	$741,100	12.8	1010	SINGLE FAM MDL01	LCD	1	2016	$507,900	$233,200	$741,100	$30,000	07/17/1987			21:16:45	37
183	49 HIGH ST	201/  133/  /  / 	  4581/ 400	$113,900	$113,900	0.95	1060	AC LND IMP	LCD	1	2016	$10,900	$103,000	$113,900	$100,000	12/03/2020	$25,000	11/23/2015	21:16:49	38
249	13 HEWS LN	401/  46/  /  / 	  1988/0756	$300,200	$300,200	2.8	1010	SINGLE FAM MDL01	RD	1	2016	$155,900	$144,300	$300,200	$0	09/15/1992	$15,000	09/22/1988	21:16:52	39
189	76 GOODELL LN	401/  4/  /  / 	  3136/0533	$53,300	$138,100	37	1060	AC LND IMP	RD	1	2016	$8,500	$129,600	$138,100	$0	05/05/2005			21:16:54	40
190	54 GOODELL LN	401/  5/  /  / 	  1783/0218	$1,000	$59,200	23.11	6215	HWMR-5	RD	1	2016	$0	$59,200	$59,200	$4,000	12/27/1988			21:16:58	41
191	42 GOODELL LN	401/  6/  /  / 	002771/0009	$6,000	$204,100	104.74	6514	FARMR-4	RD	1	2016	$0	$204,100	$204,100	$0	11/05/2002			21:17:01	42
192	68 PRESTON RD	401/  7/  /  / 	  1097/0311	$25,500	$689,600	191.4	6125	WPUN-5	RD	1	2016	$0	$689,600	$689,600	$0	05/01/1990			21:17:02	43
195	298 BAKER HILL RD	401/  10/  /  / 	  3547/0074	$519,700	$519,700	5.2	1010	SINGLE FAM MDL01	RD	1	2016	$343,500	$176,200	$519,700	$475,000	09/03/2008	$320,000	09/18/2006	21:17:04	44
197	65 GOODELL LN	401/  12/  /  / 	  1783/0218	$2,500	$166,600	81.63	6213	HWMR-3	RD	1	2016	$0	$166,600	$166,600	$0				21:17:07	45
203	102 DARTMOUTH COLLEGE HY	401/  14/  /  / 	  4551/ 229	$357,500	$357,500	0.83	1010	SINGLE FAM MDL01	RD	1	2016	$232,400	$125,100	$357,500	$303,000	08/31/2020	$314,000	12/16/2019	21:17:09	46
204	84 DARTMOUTH COLLEGE HY	401/  15/  /  / 	  3128/0001	$720,800	$880,700	52	1120	APT OVER 8	BD	1	2016	$396,000	$484,700	$880,700	$0	04/14/2005	$110,700	08/30/1977	21:17:12	47
206	60 DARTMOUTH COLLEGE HY	401/  17/  /  / 	  4221/0423	$742,600	$834,600	15.8	1010	SINGLE FAM MDL01	RD	1	2016	$606,800	$227,800	$834,600	$185,000	07/19/2016	$19,500	08/17/2011	21:17:14	48
207	19 GOOSE POND RD	401/  18/  /  / 	  4011/0594	$54,400	$649,200	125.6	1060	AC LND IMP	RD	1	2016	$1,700	$647,500	$649,200	$0	09/16/2013			21:17:16	49
209	51 GOOSE POND RD	401/  20/  /  / 	  3856/0585	$262,300	$262,300	1.5	1010	SINGLE FAM MDL01	RD	1	2016	$119,000	$143,300	$262,300	$0	02/07/2012	$210,000	03/06/2007	21:17:18	50
210	57 GOOSE POND RD	401/  21/  /  / 	  4254/0892	$337,100	$337,100	1.5	1010	SINGLE FAM MDL01	RD	1	2016	$193,800	$143,300	$337,100	$0	12/14/2016			21:17:20	51
100361	137 MUD TURTLE POND RD	406/  26/  /  / 	  3107/0182	$4,200	$83,150	95	6204	HWM-4	RD	1	2016	$0	$83,150	$83,150	$0	02/11/2005			21:17:22	52
217	127 GOOSE POND RD	401/  23/  1100/  / 	  4519/ 345	$2,600	$476,800	56.37	6234	HWUNR-4	RD	1	2016	$0	$476,800	$476,800	$496,533	05/14/2020	$310,000	08/13/1989	21:17:26	53
219	149 GOOSE POND RD	401/  23/  3000/  / 	  4049/0602	$340,600	$340,600	2.82	1010	SINGLE FAM MDL01	RD	1	2016	$176,100	$164,500	$340,600	$290,000	04/11/2014	$320,533	08/31/2005	21:17:29	54
220	153 GOOSE POND RD	401/  24/  /  / 	  4144/0841	$288,500	$288,500	2	1010	SINGLE FAM MDL01	RD	1	2016	$180,400	$108,100	$288,500	$0	07/08/2015			21:17:33	55
221	157 GOOSE POND RD	401/  25/  /  / 	  3216/0807	$317,500	$317,500	1.7	1010	SINGLE FAM MDL01	RD	1	2016	$221,900	$95,600	$317,500	$267,000	11/07/2005	$65,500	06/05/1995	21:17:36	56
223	32 PELTON LN	401/  27/  /  / 	  3398/0435	$448,800	$498,200	11.67	1040	TWO FAMILY	RD	1	2016	$322,900	$175,300	$498,200	$175,000	04/20/2007	$4,000	06/09/1998	21:17:38	57
225	342 BAKER HILL RD	401/  29/  /  / 	  4220/0066	$262,700	$262,700	6.1	1030	MOBILE HOM  MDL-02	RD	2	2016	$86,100	$176,600	$262,700	$0	07/15/2016			21:17:41	58
229	320 BAKER HILL RD	401/  30/  1000/  / 	  4086/ 693	$492,300	$492,300	2.6	1010	SINGLE FAM MDL01	RD	1	2016	$312,700	$179,600	$492,300	$400,000	10/03/2014	$376,000	07/08/2011	21:17:43	59
230	330 BAKER HILL RD	401/  30/  2000/  / 	  3943/0927	$2,800	$218,200	29.4	6335	OTUNR-5	RD	1	2016	$0	$218,200	$218,200	$0	12/28/2012			21:17:46	60
232	156 GOOSE POND RD	401/  32/  /  / 	  4153/0352	$130,000	$130,000	0.45	1010	SINGLE FAM MDL01	RD	1	2016	$72,200	$57,800	$130,000	$146,000	08/26/2015	$45,000	07/01/2010	21:17:47	61
233	154 GOOSE POND RD	401/  33/  /  / 	  1254/0406	$146,600	$146,600	0.45	1010	SINGLE FAM MDL01	RD	1	2016	$81,500	$65,100	$146,600	$0				21:17:50	62
235	144 GOOSE POND RD	401/  35/  /  / 	  4200/0326	$625,200	$625,200	6.20	1010	SINGLE FAM MDL01		2	2016	$455,900	$169,300	$625,200	$535,000	04/20/2016	$163,048	08/10/1990	21:17:54	63
236	142 GOOSE POND RD	401/  36/  /  / 	  3084/0708	$304,100	$304,100	0.91	1010	SINGLE FAM MDL01	RD	1	2016	$184,400	$119,700	$304,100	$0	12/01/2004	$96,000	12/24/1990	21:17:56	64
100041	198 BAKER HILL RD	410/  9/  2000/  / 	  4040/ 020	$8,800	$338,400	37.35	6506	FARM-6	RD	1	2016	$0	$338,400	$338,400	$0	02/10/2014	$112,942	11/03/1989	21:17:59	65
237	138 GOOSE POND RD	401/  37/  /  / 	002864/0255	$133,300	$133,300	0.47	1030	MOBILE HOM  MDL-02	RD	1	2016	$45,100	$88,200	$133,300	$74,933	08/01/2003	$17,000	05/25/1979	21:18:01	66
241	72 GOOSE POND RD	401/  39/  /  / 	  4013/0532	$307,200	$863,300	174	1010	SINGLE FAM MDL01	RD	1	2016	$143,900	$719,400	$863,300	$750,000	09/24/2013			21:18:05	67
244	40 GOOSE POND RD	401/  41/  /  / 	   334/0303	$800	$800	0.07	1320	RES ACLNUD		1	2016	$0	$800	$800	$0	10/08/2006			21:18:07	68
245	36 GOOSE POND RD	401/  42/  /  / 	  4468/0924	$319,600	$319,600	0.54	1010	SINGLE FAM MDL01	RD	1	2016	$203,900	$115,700	$319,600	$355,000	09/27/2019	$179,000	05/15/2017	21:18:09	69
246	20 DARTMOUTH COLLEGE HY	401/  43/  /  / 	 	$6,200	$300,300	32.8	6515	FARMR-5	RD	1	2016	$0	$300,300	$300,300	$0	02/18/2002	$2,666	04/27/2001	21:18:12	70
247	1 DARTMOUTH COLLEGE HY	401/  44/  /  / 	  1480/0578	$183,100	$183,100	1.1	1090	MULTI HSES	RD	2	2016	$13,400	$169,700	$183,100	$0				21:18:16	71
248	7 HEWS LN	401/  45/  /  / 	  0971/0381	$264,000	$264,000	2.4	1010	SINGLE FAM MDL01	RD	1	2016	$126,300	$137,700	$264,000	$0				21:18:18	72
1	FLOWAGE RIGHTS	100/  1/  /  / 	   001/ 001	$1,254,000	$1,254,000	0	0422	ELEC PLANT		1	2016	$1,254,000	$0	$1,254,000	$0	04/20/2017	$26,278,600	03/31/2005	21:18:22	73
2	POWER LINES/L-37.62 MI	100/  2/  /  / 	 	$2,695,800	$2,695,800	0.00	0422	ELEC PLANT		1	2016	$2,695,800	$0	$2,695,800	$0				21:18:23	74
3	POWER LINES	100/  3/  /  / 	002944/0182	$2,527,700	$2,527,700	0	0422	ELEC PLANT		1	2016	$2,527,700	$0	$2,527,700	$1,019,533	01/01/2004			21:18:26	75
4	POWER LINES	100/  4/  /  / 	 	$500	$500	0.00	0422	ELEC PLANT		1	2016	$500	$0	$500	$0				21:18:29	76
5	58 DORCHESTER RD	201/  1/  /  / 	  4243/0312	$261,300	$261,300	3.9	1010	SINGLE FAM MDL01	LCD	1	2016	$93,700	$167,600	$261,300	$0	10/25/2016	$150,000	01/03/2012	21:18:32	77
7	42 DORCHESTER RD	201/  4/  /  / 	002833/0693	$181,800	$181,800	0.49	1010	SINGLE FAM MDL01	LCD	1	2016	$77,200	$104,600	$181,800	$0	12/16/2002			21:18:34	78
8	40 DORCHESTER RD	201/  5/  /  / 	002833/0693	$254,400	$254,400	0.98	1010	SINGLE FAM MDL01	LCD	1	2016	$114,000	$140,400	$254,400	$0	12/16/2002			21:18:37	79
9	36 DORCHESTER RD	201/  6/  /  / 	  3303/0204	$266,800	$266,800	1.85	1010	SINGLE FAM MDL01	LCD	1	2016	$108,900	$157,900	$266,800	$5,000	07/12/2006			21:18:41	80
10	32 DORCHESTER RD	201/  7/  /  / 	  3307/0544	$417,100	$417,100	2.46	1010	SINGLE FAM MDL01	LCD	1	2016	$254,100	$163,000	$417,100	$240,000	05/31/2006	$5,000	08/07/1953	21:18:42	81
12	22 DORCHESTER RD	201/  9/  /  / 	  4243/0537	$487,000	$487,000	3.11	1010	SINGLE FAM MDL01	LCD	1	2016	$261,800	$225,200	$487,000	$500,000	10/24/2016	$14,000	07/28/2008	21:18:46	82
13	18 DORCHESTER RD	201/  10/  /  / 	  1812/0014	$556,400	$556,400	1.6	1010	SINGLE FAM MDL01	LCD	2	2016	$275,700	$280,700	$556,400	$121,000	07/06/1989			21:18:49	83
16	1 MARKET ST	201/  11/  /  / 	  4094/0467	$1,401,800	$1,401,800	1.4	3020	INNS	LCD	1	2016	$1,016,100	$385,700	$1,401,800	$950,000	11/12/2014	$500,000	09/02/2008	21:18:53	84
18	7 MARKET ST	201/  12/  1000/  / 	  4538/ 917	$301,600	$301,600	0.37	1010	SINGLE FAM MDL01	LCD	1	2016	$162,500	$139,100	$301,600	$435,000	07/23/2020	$97,000	10/07/1988	21:18:55	85
19	5 MARKET ST	201/  12/  2000/  / 	  4538/ 917	$154,000	$154,000	0.05	1010	SINGLE FAM MDL01	LCD	1	2016	$91,700	$62,300	$154,000	$435,000	07/23/2020	$97,000	10/07/1988	21:18:59	86
20	11 MARKET ST	201/  13/  /  / 	  3651/0625	$615,800	$615,800	1.6	1010	SINGLE FAM MDL01	LCD	1	2016	$381,400	$234,400	$615,800	$0	09/30/2009	$92,000	06/12/1986	21:19:01	87
21	15 MARKET ST	201/  14/  /  / 	  4414/0628	$686,500	$686,500	1.8	1090	MULTI HSES	LCD	2	2016	$398,100	$288,400	$686,500	$0	02/01/2019	$550,000	07/09/2018	21:19:05	88
22	19 MARKET ST	201/  15/  /  / 	  3902/0145	$449,000	$449,000	0.55	1010	SINGLE FAM MDL01	LCD	1	2016	$269,300	$179,700	$449,000	$0	07/25/2012	$362,000	07/03/2012	21:19:08	89
23	25 MARKET ST	201/  16/  /  / 	  1217/0589	$478,700	$478,700	4.31	0101	Single Fam	LCD	1	2016	$233,100	$245,600	$478,700	$42,400	04/11/1974			21:19:09	90
26	26 MARKET ST	201/  19/  /  / 	  4136/0106	$364,400	$364,400	1.1	1010	SINGLE FAM MDL01	LCD	1	2016	$159,100	$205,300	$364,400	$195,000	06/17/2015	$98,000	06/22/1990	21:19:12	91
25	30 MARKET ST	201/  18/  /  / 	  2510/0517	$581,100	$581,100	0.5	1010	SINGLE FAM MDL01	RD	1	2016	$410,600	$170,500	$581,100	$290,000	12/14/2000	$30,000	05/17/1983	21:19:15	92
28	20 MARKET ST	201/  21/  /  / 	  3967/ 527	$594,000	$594,000	3.5	1090	MULTI HSES	LCD	1	2016	$292,900	$301,100	$594,000	$0	04/02/2013	$4,000	04/10/1998	21:19:18	93
101602	27 PLEASANT ST	201/  80/  0020/  / 	  3664/0671	$223,200	$223,200	0.00	1020	CONDO	LCD	1	2016	$223,200	$0	$223,200	$140,000	11/19/2009	$65,000	08/04/1999	21:19:21	94
101622	3 PRESTON RD	402/  37/  0100/  / 	  4306/0960	$448,700	$508,900	12.52	1010	SINGLE FAM MDL01	RD	1	2016	$334,300	$174,600	$508,900	$110,000	08/25/2017	$125,000	03/13/2006	21:19:25	95
101642	11  PRESTON RD	401/  1/  1000/  / 	  2923/0335	$442,400	$442,400	3.01	1010	SINGLE FAM MDL01	RD	1	2016	$297,600	$144,800	$442,400	$196,000	11/13/2003			21:19:27	96
32	8 MARKET ST	201/  25/  /  / 	  3072/0304	$277,800	$277,800	0.37	1010	SINGLE FAM MDL01	LCD	1	2016	$131,000	$146,800	$277,800	$248,000	10/29/2004	$7,000	07/05/1957	21:19:31	97
570	655 RIVER RD	405/  30/  2000/  / 	  2142/0379	$528,000	$762,400	27.54	1013	SFR WATER  MDL-01	RD	3	2016	$184,400	$578,000	$762,400	$175,000	05/19/1995	$220,000	07/20/1994	21:19:33	98
571	667 RIVER RD	405/  31/  /  / 	  4601/ 158	$349,100	$349,100	3	1010	SINGLE FAM MDL01	RD	1	2016	$169,100	$180,000	$349,100	$260,000	02/08/2021			21:19:37	99
572	669 RIVER RD	405/  32/  /  / 	  4506/ 724	$364,900	$364,900	0.93	1010	SINGLE FAM MDL01	RD	1	2016	$181,000	$183,900	$364,900	$48,000	03/18/2020	$100	04/05/1971	21:19:40	100
883	108 HORTON LN	408/  45/  /  / 	  1370/0997	$73,000	$164,900	50.1	1010	SINGLE FAM MDL01	RD	1	2016	$21,300	$143,600	$164,900	$0	07/20/1979			21:19:42	101
884	44 HORTON LN	408/  46/  /  / 	  1479/0812	$352,500	$426,500	20	1010	SINGLE FAM MDL01	RD	1	2016	$191,000	$235,500	$426,500	$18,000	08/12/1983	$36,000	09/09/1977	21:19:45	102
100401	65 WASHBURN HILL RD	402/  15/  2000/  / 	  0000/0000	$2,500	$315,200	37.66	6114	WPMR-4	RD	1	2016	$0	$315,200	$315,200	$0	05/20/2005			21:19:48	103
887	36 HORTON LN	408/  47/  1000/  / 	  4027/0777	$1,415,400	$1,527,900	30.1	1010	SINGLE FAM MDL01	RD	1	2016	$1,053,200	$474,700	$1,527,900	$1,490,000	11/26/2013	$285,000	09/18/1995	21:19:50	104
578	765 RIVER RD	405/  38/  1000/  / 	  3816/0072	$1,804,500	$1,953,100	12.58	1013	SFR WATER  MDL-01	RD	1	2016	$881,300	$1,071,800	$1,953,100	$0	08/25/2011			21:19:53	105
579	772 RIVER RD	405/  39/  /  / 	  3480/0184	$655,300	$710,500	10	1010	SINGLE FAM MDL01	RD	1	2016	$443,300	$267,200	$710,500	$0	12/20/2007			21:19:54	106
580	748 RIVER RD	405/  40/  /  / 	  1792/0815	$19,300	$19,300	7	1300	RES ACLNDV	RD	1	2016	$0	$19,300	$19,300	$0	02/15/1989			21:19:58	107
581	736 RIVER RD	405/  42/  1000/  / 	  4474/ 623	$415,500	$737,000	49.50	1060	AC LND IMP	RD	1	2016	$169,200	$567,800	$737,000	$0	10/17/2019	$525,000	03/17/1998	21:20:01	108
582	738 RIVER RD	405/  42/  2000/  / 	  4474/0623	$1,378,800	$1,643,300	65	1010	SINGLE FAM MDL01	RD	1	2016	$971,900	$671,400	$1,643,300	$1,525,000	10/17/2019	$525,000	03/17/1998	21:20:04	109
584	122 BRECK HILL RD	405/  44/  /  / 	  4103/0394	$789,100	$1,093,000	61.66	1010	SINGLE FAM MDL01	RD	1	2016	$561,900	$531,100	$1,093,000	$758,000	12/29/2014	$565,000	09/20/1995	21:20:07	110
591	100 BRECK HILL RD	405/  45/  1000/  / 	  1994/0666	$11,200	$346,300	21.15	1300	RES ACLNDV	RD	1	2016	$0	$346,300	$346,300	$0	12/19/1994			21:20:10	111
592	92 BRECK HILL RD	405/  45/  2000/  / 	  1994/0666	$1,000	$190,200	5.35	6126	WPUN-6	RD	1	2016	$0	$190,200	$190,200	$0	12/19/1994			21:20:13	112
593	80 BRECK HILL RD	405/  46/  /  / 	  4366/0205	$525,600	$606,800	25	1010	SINGLE FAM MDL01	RD	1	2016	$234,800	$372,000	$606,800	$250,000	06/08/2016	$2,666	07/12/2002	21:20:16	113
34	4 MARKET ST	201/  27/  /  / 	  4368/0297	$552,900	$552,900	0.4	1010	SINGLE FAM MDL01	LCD	1	2016	$395,200	$157,700	$552,900	$0	06/19/2018	$135,000	02/01/1988	21:20:18	114
35	1 ON THE COMMON (COMMON)	201/  28/  /  / 	 	$29,200	$29,200	1.4	9035	TOWN-PROP	LCD	1	2016	$0	$29,200	$29,200	$0				21:20:20	115
37	16 ON THE COMMON	201/  30/  /  / 	  4325/0395	$650,500	$650,500	0.78	920C	NON PROFIT  MDL-94	LCD	1	2016	$297,500	$353,000	$650,500	$425,000	11/15/2017	$447,000	02/04/2009	21:20:22	116
39	14 ON THE COMMON	201/  31/  1000/  / 	  4554/ 777	$576,700	$576,700	3.08	1040	TWO FAMILY	LCD	1	2016	$339,700	$237,000	$576,700	$640,000	09/15/2020	$440,000	05/20/2005	21:20:25	117
40	18 MARKET ST (BIG ROCK)	201/  31/  2000/  / 	  2295/0028	$43,000	$43,000	9.99	9035	TOWN-PROP		1	2016	$0	$43,000	$43,000	$0	11/18/1997			21:20:28	118
41	12 ON THE COMMON	201/  32/  /  / 	  3087/0441	$633,000	$633,000	0.65	1010	SINGLE FAM MDL01	LCD	1	2016	$447,000	$186,000	$633,000	$625,000	12/14/2004	$129,000	10/29/1998	21:20:30	119
42	10 ON THE COMMON	201/  33/  /  / 	  3371/0737	$488,500	$488,500	1.5	1010	SINGLE FAM MDL01	LCD	1	2016	$269,800	$218,700	$488,500	$0	12/07/2006			21:20:32	120
43	8 ON THE COMMON	201/  34/  /  / 	  4183/ 405	$345,600	$345,600	1.71	1010	SINGLE FAM MDL01	LCD	1	2016	$137,300	$208,300	$345,600	$0	01/13/2016	$195,000	07/07/2004	21:20:34	121
50	6 ON THE COMMON UNIT #1	201/  35/  0010/  / 	  2364/0058	$167,300	$167,300	0	1021	CONDO NL  MDL-05	LCD	1	2016	$167,300	$0	$167,300	$102,000	12/21/1998	$100,000	11/10/1994	21:20:38	122
54	6 ON THE COMMON UNIT #5	201/  35/  0050/  / 	  4125/0135	$152,900	$152,900	0	1021	CONDO NL  MDL-05	LCD	1	2016	$152,900	$0	$152,900	$142,000	05/04/2015	$149,000	12/27/2002	21:20:41	123
1136	182 GOOSE POND RD	410/  73/  /  / 	  3003/0844	$175,000	$175,000	1.2	1030	MOBILE HOM  MDL-02	RD	1	2016	$82,700	$92,300	$175,000	$159,000	05/28/2004	$129,000	09/20/2002	21:20:45	124
1126	203 GOOSE POND RD	410/  63/  /  / 	  3902/0658	$297,900	$297,900	2.1	1040	TWO FAMILY	RD	1	2016	$194,300	$103,600	$297,900	$0	07/27/2012	$255,000	07/01/2005	21:20:47	125
56	4 ON THE COMMON	201/  36/  /  / 	  3516/0484	$1,160,900	$1,160,900	0.18	3160	COMM WHSE	LCD	1	2016	$926,400	$234,500	$1,160,900	$0	04/22/2008	$7,543,800	04/02/2008	21:20:50	126
1165	101 GRAFTON TK	413/  1/  /  / 	  2525/0702	$155,600	$155,600	0.24	1010	SINGLE FAM MDL01	ELD	1	2016	$70,500	$85,100	$155,600	$80,000	03/29/2001			21:20:54	127
58	38 UNION ST (LIBRARY)	201/  38/  /  / 	 	$915,600	$915,600	0.44	903C	MUNICPAL  MDL-94	LCD	1	2016	$653,600	$262,000	$915,600	$0				21:20:57	128
575	711 RIVER RD	405/  35/  /  / 	  4561/ 481	$1,782,000	$2,029,100	21.50	1013	SFR WATER  MDL-01	RD	3	2016	$862,000	$1,167,100	$2,029,100	$1,950,000	10/05/2020	$1,519,000	06/06/2016	21:20:59	129
576	729 RIVER RD	405/  36/  /  / 	  3928/0824	$3,435,400	$3,435,400	18.43	1013	SFR WATER  MDL-01		5	2016	$2,086,100	$1,349,300	$3,435,400	$0	11/01/2012			21:21:01	130
250	17 HEWS LN	401/  47/  /  / 	  4117/0767	$2,700	$341,700	21	6513	FARMR-3	RD	1	2016	$0	$341,700	$341,700	$0	03/30/2015	$1,100,000	11/17/2006	21:21:04	131
251	20 HEWS LN	401/  48/  /  / 	  4424/0051	$599,200	$716,100	19.03	1010	SINGLE FAM MDL01	RD	1	2016	$367,000	$349,100	$716,100	$400,000	03/29/2019	$2,666	10/18/2001	21:21:06	132
252	10 HEWS LN	401/  49/  /  / 	  1667/0399	$321,000	$428,200	28.65	1010	SINGLE FAM MDL01	RD	1	2016	$176,700	$251,500	$428,200	$20,000	05/18/1987			21:21:09	133
253	8 HEWS LN	401/  50/  /  / 	  3420/0886	$362,500	$362,500	2.4	1010	SINGLE FAM MDL01	RD	1	2016	$212,100	$150,400	$362,500	$0	06/19/2007			21:21:11	134
254	43 DARTMOUTH COLLEGE HY	401/  51/  /  / 	  4388/0289	$525,500	$835,600	53.9	1010	SINGLE FAM MDL01	RD	1	2016	$374,700	$460,900	$835,600	$0	09/13/2018			21:21:14	135
255	61 DARTMOUTH COLLEGE HY	401/  52/  /  / 	002760/0503	$671,900	$671,900	2.2	1010	SINGLE FAM MDL01	RD	1	2016	$542,500	$129,400	$671,900	$232,266	12/20/2002			21:21:17	136
256	63-69 DARTMOUTH COLLEGE HY	401/  53/  1000/  / 	  4013/ 0518	$1,732,200	$1,732,200	3.2	0101	Single Fam	RD	4	2016	$1,367,900	$364,300	$1,732,200	$116,733	09/23/2013			21:21:21	137
257	77 DARTMOUTH COLLEGE HY	401/  54/  /  / 	  4223/0643	$187,600	$187,600	2.4	1010	SINGLE FAM MDL01	RD	1	2016	$56,900	$130,700	$187,600	$150,000	08/01/2016			21:21:24	138
258	85 DARTMOUTH COLLEGE HY #3010	401/  55/  301/  / 	  3324/0514	$378,800	$378,800	0.00	1021	CONDO NL  MDL-05	BD	1	2016	$378,800	$0	$378,800	$368,533	08/30/2006	$167,266	03/05/2003	21:21:28	139
259	101 DARTMOUTH COLLEGE HY	401/  56/  /  / 	  2297/0890	$3,047,400	$3,047,400	136	904C	PRI SCHOOL  MDL-94		1	2016	$2,454,700	$592,700	$3,047,400	$250,000	02/17/1998	$252,000	09/21/1993	21:21:32	140
260	82 RIVER RD	401/  57/  /  / 	  4329/0380	$247,100	$247,100	0.83	1010	SINGLE FAM MDL01	RD	1	2016	$82,600	$164,500	$247,100	$0	12/04/2017	$1,500	02/12/1970	21:21:34	141
102876	66 BLISS LN	410/  46/  2000/  / 	  4046/0956	$800	$327,900	22.45	6334	OTUNR-4	RD	1	2016	$0	$327,900	$327,900	$1,695,000	03/27/2014	$230,000	11/19/2012	21:21:37	142
267	7 WILMOTT WY	401/  59/  /  / 	  1150/0068	$189,500	$189,500	5.78	1030	MOBILE HOM  MDL-02	RD	1	2016	$66,900	$122,600	$189,500	$0				21:21:41	143
270	21 WILMOTT WY	401/  60/  /  / 	  1829/0728	$172,200	$172,200	4.91	1030	MOBILE HOM  MDL-02	RD	1	2016	$54,400	$117,800	$172,200	$40,000	10/24/1989			21:21:46	144
271	25 WILMOTT WY	401/  61/  /  / 	  2270/0888	$421,400	$421,400	2.10	1090	MULTI HSES	RD	2	2016	$293,800	$127,600	$421,400	$73,000	09/06/1997	$40,000	10/16/1989	21:21:48	145
273	34 WILMOTT WY	401/  63/  /  / 	PRO-1988	$133,500	$133,500	2.01	1030	MOBILE HOM  MDL-02	RD	1	2016	$32,800	$100,700	$133,500	$0	01/01/1988			21:21:51	146
275	12 WILMOTT WY	401/  65/  /  / 	  1851/ 914	$140,000	$140,000	2.5	1030	MOBILE HOM  MDL-02	RD	1	2016	$30,200	$109,800	$140,000	$79,900	03/19/1990			21:21:54	147
102896	59 ORFORD RD	408/  19/  /  / 	  1633/0016	$500	$148,400	6.2	6224	HWUN-4	RD	1	2016	$0	$148,400	$148,400	$0	02/23/1977			21:21:56	148
102770	100 RIVER RD	402/  85/  /  / 	  4102/0216	$813,200	$988,800	38.81	1010	SINGLE FAM MDL01	RD	1	2016	$632,600	$356,200	$988,800	$550,000	12/19/2014			21:21:58	149
102771	355 ORFORD RD	406/  5/  /  / 	  4315/0624	$292,200	$292,200	1.4	1010	SINGLE FAM MDL01		1	2016	$155,400	$136,800	$292,200	$250,000	10/03/2017	$130,000	11/22/2016	21:22:01	150
102772	131 GRAFTON TK	413/  4/  /  / 	  3848/0046	$14,800	$519,500	372	6232	HWUNR-2	ELD	1	2016	$0	$519,500	$519,500	$0	12/30/2011	$650,000	01/29/2007	21:22:04	151
276	6 WILMOTT WY	401/  66/  /  / 	  4196/0207	$306,500	$306,500	1.5	1010	SINGLE FAM MDL01	RD	1	2016	$133,100	$173,400	$306,500	$299,900	01/04/2016	$140,000	08/15/1994	21:22:08	152
278	50 RIVER RD	401/  68/  /  / 	  4104/ 142	$350,300	$472,900	43.47	1010	SINGLE FAM MDL01	RD	1	2016	$159,300	$313,600	$472,900	$0	12/19/2014			21:22:10	153
102897	60 ORFORD RD	408/  20/  /  / 	  1633/0016	$337,800	$352,800	4.95	1093	MLTI HS WF		4	2016	$72,500	$280,300	$352,800	$0	02/23/1977			21:22:13	154
59	36 UNION ST	201/  39/  /  / 	002867/0533	$511,800	$511,800	0.39	1010	SINGLE FAM MDL01	LCD	1	2016	$355,300	$156,500	$511,800	$210,000	08/04/2003	$169,000	11/09/2001	21:22:16	155
60	32 UNION ST	201/  40/  /  / 	 	$704,000	$704,000	1.55	1040	TWO FAMILY	LCD	1	2016	$485,100	$218,900	$704,000	$0				21:22:19	156
859	70 ORFORD RD	408/  22/  1000/  / 	  1903/ 0413	$1,021,800	$1,021,800	13.45	3880	CABNCOLONY	RD	21	2016	$342,600	$679,200	$1,021,800	$0	04/01/1991			21:22:23	157
63	28 UNION ST	201/  43/  /  / 	  4023/0682	$490,500	$490,500	2.55	111C	APT 4-UNT  MDL-94	LCD	1	2016	$258,400	$232,100	$490,500	$0	11/06/2013	$160,000	02/27/1989	21:22:25	158
64	26 UNION ST	201/  44/  /  / 	  2161/0118	$322,100	$322,100	1.6	1010	SINGLE FAM MDL01	LCD	1	2016	$103,900	$218,200	$322,100	$80,000	09/22/1995			21:22:27	159
66	22 UNION ST	201/  46/  /  / 	  3368/0837	$449,700	$449,700	1.28	1040	TWO FAMILY	LCD	1	2016	$218,800	$230,900	$449,700	$0	01/12/2007			21:22:28	160
68	5 BROOK LN	201/  48/  /  / 	  3695/0434	$284,100	$284,100	2.3	1010	SINGLE FAM MDL01	RD	1	2016	$127,000	$157,100	$284,100	$0	04/21/2010			21:22:29	161
69	4 BROOK LN	201/  49/  /  / 	 	$8,600	$8,600	0.41	9010	STATE NH	RD	1	2016	$0	$8,600	$8,600	$0				21:22:32	162
71	Problem loading parcel PID 71, Map 201 Lot 50
76	11 UNION ST	201/  51/  1000/  / 	  4086/0348	$783,100	$783,100	2	1010	SINGLE FAM MDL01	LCD	1	2016	$548,700	$234,400	$783,100	$515,000	10/03/2014	$150,000	06/30/1986	21:22:37	164
78	15 UNION ST	201/  52/  /  / 	  2809/0420	$390,300	$390,300	1	1010	SINGLE FAM MDL01	LCD	1	2016	$173,800	$216,500	$390,300	$225,000	04/25/2003			21:22:41	165
79	17 UNION ST	201/  53/  /  / 	  0909/0569	$333,300	$333,300	0.99	1010	SINGLE FAM MDL01	LCD	1	2016	$116,800	$216,500	$333,300	$0				21:22:43	166
80	21 UNION ST	201/  54/  /  / 	 	$618,800	$618,800	18	906R	CHURCH ETC  MDL-01	LCD	1	2016	$301,600	$317,200	$618,800	$0				21:22:46	167
81	25 UNION ST	201/  55/  /  / 	  1659/0083	$429,800	$429,800	1.4	0130	PRI RES	LCD	1	2016	$139,400	$290,400	$429,800	$190,000	03/01/1987			21:22:50	168
82	27 UNION ST	201/  56/  /  / 	  3046/0166	$417,000	$417,000	0.67	1040	TWO FAMILY	LCD	1	2016	$217,700	$199,300	$417,000	$210,000	08/12/2004	$133,000	06/03/1986	21:22:54	169
84	35 UNION ST (ELEM SCHOOL)	201/  58/  /  / 	 	$5,187,300	$5,187,300	6.8	903C	MUNICPAL  MDL-94	LCD	1	2016	$3,187,200	$2,000,100	$5,187,300	$0				21:22:58	170
85	39 UNION ST (LITTLE COMMON)	201/  59/  /  / 	 	$16,900	$16,900	0.38	9035	TOWN-PROP	LCD	1	2016	$0	$16,900	$16,900	$0				21:23:00	171
86	37 UNION ST	201/  60/  /  / 	  3138/0802	$700,600	$700,600	1.1	1010	SINGLE FAM MDL01	LCD	1	2016	$471,700	$228,900	$700,600	$513,000	05/11/2005			21:23:04	172
87	19 EAST THETFORD RD	201/  61/  /  / 	4083-0169	$635,700	$635,700	1.5	1010	SINGLE FAM MDL01	LCD	1	2016	$379,700	$256,000	$635,700	$660,000	09/16/2014			21:23:05	173
91	2 HAMILTON LN	201/  65/  /  / 	  2866/0001	$803,300	$803,300	0.81	1090	MULTI HSES	LCD	2	2016	$526,300	$277,000	$803,300	$0	03/06/2012	$135,000	06/08/1988	21:23:09	174
92	8 EAST THETFORD RD	201/  66/  /  / 	  3677/0115	$257,300	$257,300	0.67	1010	SINGLE FAM MDL01	LCD	1	2016	$77,800	$179,500	$257,300	$0	01/20/2010	$102,000	01/09/1995	21:23:12	175
93	6 EAST THETFORD RD	201/  67/  /  / 	  4321/0698	$570,100	$570,100	0.70	1010	SINGLE FAM MDL01	LCD	1	2016	$365,800	$204,300	$570,100	$589,000	10/30/2017	$485,000	09/16/2008	21:23:14	176
94	4 EAST THETFORD RD	201/  68/  /  / 	  2263/0290	$551,900	$551,900	0.55	1010	SINGLE FAM MDL01	LCD	1	2016	$372,700	$179,200	$551,900	$208,000	07/29/1997	$126,600	10/06/1993	21:23:16	177
99	1 MAIN          ST (33% INT)	201/  70/  0010/  / 	  4023/0680	$295,700	$295,700	0.00	340C	OFF CONDO  MDL-94	LCD	1	2016	$295,700	$0	$295,700	$0	11/06/2013	$123,810	07/21/1993	21:23:20	178
101	1 MAIN          ST (67% INT)	201/  70/  0020/  / 	  4023/0680	$543,900	$543,900	0.00	340C	OFF CONDO  MDL-94	LCD	2	2016	$543,900	$0	$543,900	$0	11/06/2013	$215,048	12/31/1992	21:23:22	179
103	10 LATHAM LN	201/  72/  /  / 	  3650/0629	$289,200	$289,200	1.4	1010	SINGLE FAM MDL01	LCD	1	2016	$104,100	$185,100	$289,200	$274,533	10/02/2009	$3,800	03/25/2008	21:23:24	180
104	5 MAIN ST	201/  73/  /  / 	  3457/0514	$1,449,300	$1,449,300	0.96	3220	STORE/SHOP  MDL-94	LCD	1	2016	$1,055,000	$394,300	$1,449,300	$500,000	10/12/2007	$400,000	01/02/1987	21:23:25	181
105	7 MAIN ST	201/  74/  /  / 	  3452/0881	$510,400	$510,400	0.4	3400	OFFICE BLD  MDL-94	LCD	1	2016	$236,100	$274,300	$510,400	$0	09/13/2007	$225,000	06/24/1988	21:23:29	182
106	9 MAIN ST	201/  75/  /  / 	  2305/0161	$1,909,300	$1,909,300	5.40	3020	INNS	LCD	3	2016	$1,421,000	$488,300	$1,909,300	$0	03/06/1998	$400,000	05/15/1989	21:23:31	183
107	13 MAIN ST	201/  76/  /  / 	  3045/0960	$623,200	$623,200	0.31	3220	STORE/SHOP  MDL-94	LCD	2	2016	$359,500	$263,700	$623,200	$0	08/30/2004	$450,000	01/18/1988	21:23:34	184
111	1 PLEASANT ST (OLD CEMETERY	201/  78/  /  / 	 	$429,100	$429,100	3.7	9035	TOWN-PROP		1	2016	$4,400	$424,700	$429,100	$0				21:23:38	185
102937	ROW  TOWN OF LYME	100/  5/  /  / 	  0000/0000	$5,600	$5,600	0.00	3900	DEVEL LAND		1	2016	$5,600	$0	$5,600	$0	01/01/2001			21:23:42	186
120	4 BRITTON LN	201/  83/  /  / 	  4421/0347	$822,900	$822,900	4.2	3160	COMM WHSE	LCD	1	2016	$462,100	$360,800	$822,900	$675,000	03/18/2019	$4,000	01/25/1989	21:23:44	187
121	34 PLEASANT ST	201/  84/  /  / 	  3729/0847	$224,200	$224,200	1.4	1010	SINGLE FAM MDL01	LCD	1	2016	$73,100	$151,100	$224,200	$115,000	09/10/2010	$242,533	09/23/2005	21:23:47	188
689	22 POST POND LN	407/  29/  /  / 	  4425/0328	$463,000	$508,400	12.2	1010	SINGLE FAM MDL01	RD	1	2016	$301,300	$207,100	$508,400	$385,000	04/05/2019	$440,000	04/10/2008	21:23:51	189
690	16 POST POND LN	407/  30/  /  / 	  3990/0020	$926,900	$926,900	3.7	1010	SINGLE FAM MDL01	RD	1	2016	$726,400	$200,500	$926,900	$770,000	06/25/2013	$850,000	05/06/2008	21:23:53	190
102737	51 HIGH ST	201/  134/  /  / 	  4238/0547	$1,050,800	$1,050,800	9.9	1010	SINGLE FAM MDL01	LCD	1	2016	$682,300	$368,500	$1,050,800	$360,000	10/03/2016	$209,000	06/26/2006	21:23:56	191
691	11 NORTH THETFORD RD	407/  31/  /  / 	  4179/ 118	$600,600	$653,500	23.28	0101	Single Fam	RD	1	2016	$387,700	$265,800	$653,500	$275,000	12/16/2015			21:23:59	192
696	33 NORTH THETFORD RD	407/  36/  /  / 	  1558/0885	$493,000	$493,000	4.7	1010	SINGLE FAM MDL01	RD	1	2016	$301,800	$191,200	$493,000	$0				21:24:04	193
697	7 TURNER LN	407/  37/  /  / 	  4099/0876	$327,500	$406,000	11.19	1010	SINGLE FAM MDL01	RD	1	2016	$191,400	$214,600	$406,000	$380,000	12/08/2014	$215,050	09/20/1990	21:24:05	194
698	15 TURNER LN	407/  38/  /  / 	  4538/ 990	$665,700	$665,700	4.7	1010	SINGLE FAM MDL01		1	2016	$486,500	$179,200	$665,700	$675,733	07/24/2020	$162,000	08/30/1989	21:24:07	195
700	57 NORTH THETFORD RD	407/  40/  /  / 	002842/0827	$126,500	$126,500	0.33	1030	MOBILE HOM  MDL-02	RD	1	2016	$48,900	$77,600	$126,500	$45,000	06/24/2003			21:24:09	196
701	52 NORTH THETFORD RD	407/  41/  /  / 	  1680/ 554	$384,700	$384,700	4.2	1010	SINGLE FAM MDL01		1	2016	$208,100	$176,600	$384,700	$0	06/30/1987			21:24:13	197
702	48 NORTH THETFORD RD	407/  42/  /  / 	  4533/ 221	$365,500	$365,500	3.2	1010	SINGLE FAM MDL01		1	2016	$216,000	$149,500	$365,500	$382,000	07/02/2020	$335,000	06/24/2015	21:24:14	198
703	38 NORTH THETFORD RD	407/  43/  /  / 	  PRO-/1995	$258,200	$258,200	6.5	1010	SINGLE FAM MDL01	RD	1	2016	$66,400	$191,800	$258,200	$0	02/24/1995	$38,000	08/24/1970	21:24:18	199
704	8 PUSHEE FALLS LN	407/  44/  /  / 	  1039/0179	$295,600	$295,600	1.3	1010	SINGLE FAM MDL01	RD	1	2016	$146,600	$149,000	$295,600	$0				21:24:19	200
705	4 PUSHEE FALLS LN	407/  45/  /  / 	  1895/0176	$10,800	$10,800	1.6	1060	AC LND IMP	RD	1	2016	$2,000	$8,800	$10,800	$0	01/07/1991			21:24:22	201
708	18 NORTH THETFORD RD	407/  48/  /  / 	  4108/ 800	$302,500	$302,500	2.8	1010	SINGLE FAM MDL01	RD	1	2016	$144,900	$157,600	$302,500	$0	01/28/2015	$75,000	11/30/2006	21:24:25	202
707	22 NORTH THETFORD RD	407/  47/  /  / 	  4052/0529	$371,300	$371,300	3.8	1010	SINGLE FAM MDL01	RD	1	2016	$205,100	$166,200	$371,300	$0	04/30/2014	$336,000	07/15/2002	21:24:28	203
725	1 CULVER HILL LN	407/  59/  /  / 	  3229/0120	$664,300	$748,000	11.3	1010	SINGLE FAM MDL01	RD	1	2016	$446,600	$301,400	$748,000	$550,000	12/27/2005	$750,000	08/28/2002	21:24:32	204
734	1 TAVERN LN	407/  60/  1000/  / 	  4058/0925	$820,600	$820,600	6.01	1010	SINGLE FAM MDL01	RD	1	2016	$552,900	$267,700	$820,600	$715,066	05/30/2014	$540,000	09/10/1999	21:24:35	205
735	3 TAVERN LN	407/  60/  2000/  / 	  2560/0339	$270,500	$270,500	5.51	1300	RES ACLNDV	RD	1	2016	$0	$270,500	$270,500	$116,000	07/17/2001	$95,000	06/01/1999	21:24:37	206
569	651 RIVER RD	405/  30/  1000/  / 	  2397/0110	$1,315,900	$1,459,900	22.56	3020	INNS		2	2016	$828,800	$631,100	$1,459,900	$632,500	06/03/1999	$958,500	04/22/1999	21:24:40	207
616	376 ORFORD RD	406/  12/  /  / 	  4334/0164	$556,900	$556,900	4.3	1040	TWO FAMILY	RD	1	2016	$403,700	$153,200	$556,900	$0	12/26/2017	$173,000	07/16/1999	21:24:42	208
717	241 ORFORD RD	407/  54/  /  / 	  4183/ 134	$9,600	$447,800	74.1	6610	SPI FARMR	RD	1	2016	$0	$447,800	$447,800	$400,000	01/07/2016			21:24:46	209
719	236 ORFORD RD	407/  55/  /  / 	  2105/0755	$498,900	$622,200	12.55	1010	SINGLE FAM MDL01	RD	1	2016	$341,500	$280,700	$622,200	$150,000	08/15/1994	$160,000	12/02/1989	21:24:48	210
723	186 ORFORD RD	407/  57/  /  / 	  4385/0543	$354,700	$354,700	2.6	1010	SINGLE FAM MDL01	RD	1	2016	$209,100	$145,600	$354,700	$234,000	08/31/2018	$90,476	07/30/1993	21:24:51	211
724	15 WHIPPLE HILL RD	407/  58/  1000/  / 	  4197/0226	$22,000	$466,700	58.8	6506	FARM-6	RD	1	2016	$0	$466,700	$466,700	$0	03/29/2016			21:24:54	212
738	41 CULVER HILL LN	407/  60/  5000/  / 	  4623/ 491	$646,500	$646,500	9.55	1010	SINGLE FAM MDL01	RD	1	2016	$375,400	$271,100	$646,500	$0	04/22/2021	$535,000	03/19/2013	21:24:57	213
740	48 CULVER HILL LN	407/  60/  7000/  / 	  3736/0631	$970,800	$970,800	5.13	1090	MULTI HSES	RD	2	2016	$673,000	$297,800	$970,800	$960,000	09/29/2010	$616,000	08/01/2001	21:24:59	214
741	63 CULVER HILL LN	407/  61/  /  / 	  2528/0934	$389,300	$509,500	30	1010	SINGLE FAM MDL01		1	2016	$146,100	$363,400	$509,500	$2,666	04/04/2001			21:25:03	215
742	56 CULVER HILL LN	407/  62/  /  / 	  4121/0857	$868,800	$939,500	15.2	1010	SINGLE FAM MDL01	RD	1	2016	$594,700	$344,800	$939,500	$0	04/20/2015	$938,000	03/10/2006	21:25:06	216
743	23 CLOVER MILL LN	407/  63/  /  / 	  4600/ 687	$542,000	$542,000	9.32	1010	SINGLE FAM MDL01	RD	1	2016	$234,900	$307,100	$542,000	$0	02/08/2021	$430,000	08/25/2012	21:25:10	217
744	20 CULVER HILL LN	407/  64/  /  / 	  3276/0037	$741,600	$827,000	19.6	1010	SINGLE FAM MDL01	RD	1	2016	$519,100	$307,900	$827,000	$810,000	05/01/2006	$43,200	11/25/1998	21:25:12	218
745	37 WHIPPLE HILL RD	407/  65/  /  / 	  4214/0312	$7,000	$273,700	21.7	6515	FARMR-5		1	2016	$0	$273,700	$273,700	$0	06/22/2016	$155,000	03/19/1999	21:25:15	219
746	63 WHIPPLE HILL RD	407/  66/  /  / 	  4214/0312	$954,900	$954,900	7.74	1010	SINGLE FAM MDL01	RD	1	2016	$657,300	$297,600	$954,900	$0	06/22/2016	$500,000	02/28/1997	21:25:18	220
747	19 CLOVER MILL LN	407/  67/  /  / 	  3991/0263	$724,800	$724,800	5.31	1010	SINGLE FAM MDL01	RD	1	2016	$394,000	$330,800	$724,800	$199,000	06/27/2013	$1,182,533	04/30/2004	21:25:20	221
748	27 CLOVER MILL LN	407/  68/  /  / 	  4220/0520	$735,800	$842,100	28.92	1010	SINGLE FAM MDL01	RD	1	2016	$424,400	$417,700	$842,100	$740,500	07/09/2016	$214,800	07/02/2012	21:25:22	222
102759	105 RIVER RD	402/  88/  /  / 	  4102/0216	$600	$20,100	2.1	6514	FARMR-4	RD	1	2016	$0	$20,100	$20,100	$550,000	12/19/2014			21:25:26	223
749	28 CLOVER MILL LN	407/  69/  /  / 	  4560/ 317	$1,540,000	$1,651,100	36.97	1010	SINGLE FAM MDL01	RD	1	2016	$1,062,400	$588,700	$1,651,100	$1,557,500	09/30/2020	$1,087,533	09/29/2003	21:25:29	224
750	16 CLOVER MILL LN	407/  70/  /  / 	  4541/ 556	$1,198,700	$1,198,700	5.06	1010	SINGLE FAM MDL01	RD	1	2016	$926,200	$272,500	$1,198,700	$1,188,733	07/31/2020	$935,000	10/05/2012	21:25:30	225
751	79 WHIPPLE HILL RD	407/  71/  /  / 	  4326/0549	$469,600	$527,800	11.74	1010	SINGLE FAM MDL01	RD	1	2016	$299,700	$228,100	$527,800	$550,000	11/20/2017	$69,524	03/13/1991	21:25:34	226
753	95 WHIPPLE HILL RD	407/  73/  /  / 	  4311/0615	$776,900	$884,900	24.4	1010	SINGLE FAM MDL01		1	2016	$475,900	$409,000	$884,900	$834,000	09/18/2017	$90,000	03/13/1987	21:25:38	227
754	101 WHIPPLE HILL RD	407/  74/  /  / 	  4382/0524	$686,000	$932,600	79.9	0101	Single Fam	RD	1	2016	$506,500	$426,100	$932,600	$0	08/20/2018	$635,000	07/31/2006	21:25:40	228
755	111 WHIPPLE HILL RD	407/  75/  /  / 	  1900/0774	$340,400	$340,400	2	1010	SINGLE FAM MDL01		1	2016	$167,000	$173,400	$340,400	$108,762	03/11/1991	$6,400	09/14/1983	21:25:41	229
757	36 MUD TURTLE POND RD	407/  77/  /  / 	  3634/0693	$251,800	$251,800	70	9030	MUNICPAL  MDL-00	RD	1	2016	$0	$251,800	$251,800	$0	08/03/2009	$4,000	07/18/1997	21:25:44	230
758	135 WHIPPLE HILL RD	407/  78/  /  / 	  1822/ 991	$288,200	$346,200	20	1010	SINGLE FAM MDL01		1	2016	$122,500	$223,700	$346,200	$4,000	09/14/1989			21:25:46	231
759	149 WHIPPLE HILL RD	407/  79/  /  / 	  4509/ 214	$281,300	$281,300	5.45	1010	SINGLE FAM MDL01		1	2016	$103,400	$177,900	$281,300	$0	04/01/2020	$1,500	05/29/1968	21:25:50	232
279	38 RIVER RD	401/  69/  /  / 	  1577/0653	$338,100	$338,100	3.5	1010	SINGLE FAM MDL01	RD	1	2016	$161,300	$176,800	$338,100	$90,000	12/19/1985			21:25:53	233
280	20 RIVER RD	401/  70/  /  / 	  1578/ 947	$8,400	$431,500	63.5	6515	FARMR-5	RD	1	2016	$0	$431,500	$431,500	$0				21:25:57	234
283	1 HOVEY ISLAND	401/  71/  /  / 	  1903/0890	$197,100	$197,100	23.00	1013	SFR WATER  MDL-01		2	2016	$25,500	$171,600	$197,100	$0	03/28/1991			21:26:00	235
287	51 RIVER RD	401/  74/  /  / 	  2666/0465	$863,600	$863,600	0.9	1013	SFR WATER  MDL-01	RD	1	2016	$566,500	$297,100	$863,600	$2,666	05/10/2002	$25,048	08/03/1992	21:26:02	236
288	61 RIVER RD	401/  75/  /  / 	  3753/0938	$573,700	$573,700	1.9	1013	SFR WATER  MDL-01	RD	1	2016	$245,600	$328,100	$573,700	$0	12/01/2010	$90,000	07/26/1984	21:26:06	237
102763	50 LAMPHIRE HILL LN	403/  35/  /  / 	   PRO	$3,300	$324,900	34	6135	WPUNR-5	RD	1	2016	$0	$324,900	$324,900	$0	07/22/1997			21:26:10	238
290	75 RIVER RD	401/  77/  /  / 	  4350/0949	$908,700	$1,072,200	11.20	1010	SINGLE FAM MDL01	RD	1	2016	$618,200	$454,000	$1,072,200	$735,000	03/30/2018			21:26:12	239
294	252 DARTMOUTH COLLEGE HY	402/  3/  /  / 	  4535/ 866	$591,900	$797,500	37.3	1010	SINGLE FAM MDL01	RD	1	2016	$411,100	$386,400	$797,500	$0	07/13/2020	$210,666	10/03/2001	21:26:15	240
295	246 DARTMOUTH COLLEGE HY	402/  4/  /  / 	  4126/0865	$236,500	$236,500	0.53	1010	SINGLE FAM MDL01	RD	1	2016	$132,400	$104,100	$236,500	$0	04/30/2015			21:26:18	241
296	246 DARTMOUTH COLLEGE HY	402/  4/  1/  / 	  4493/ 641	$131,100	$131,100	0	322L	COMM BLDG  MDL-96	RD	1	2016	$131,100	$0	$131,100	$0	01/10/2020			21:26:21	242
297	244 DARTMOUTH COLLEGE HY	402/  5/  /  / 	  4126/0871	$129,200	$129,200	4.8	1060	AC LND IMP	RD	1	2016	$40,800	$88,400	$129,200	$2,667	05/08/2015			21:26:23	243
298	240 DARTMOUTH COLLEGE HY	402/  6/  /  / 	  1250/0043	$286,300	$286,300	0.67	1010	SINGLE FAM MDL01	RD	1	2016	$168,100	$118,200	$286,300	$0				21:26:26	244
299	234 DARTMOUTH COLLEGE HY	402/  7/  /  / 	  4010/0601	$241,600	$241,600	0.92	1010	SINGLE FAM MDL01	RD	1	2016	$108,200	$133,400	$241,600	$150,000	09/11/2013			21:26:28	245
300	232 DARTMOUTH COLLEGE HY	402/  8/  /  / 	  1507/ 364	$209,900	$209,900	0.4	1010	SINGLE FAM MDL01	RD	1	2016	$116,500	$93,400	$209,900	$0				21:26:32	246
301	226 DARTMOUTH COLLEGE HY	402/  9/  /  / 	  1481/0250	$346,000	$432,200	12.5	1010	SINGLE FAM MDL01	RD	1	2016	$197,200	$235,000	$432,200	$40,000	08/22/1983			21:26:34	247
187	40 PRESTON RD	401/  2/  /  / 	  1342/0923	$544,300	$695,800	43.50	1010	SINGLE FAM MDL01	RD	2	2016	$351,200	$344,600	$695,800	$0				21:26:38	248
188	30 PRESTON RD	401/  3/  /  / 	  4279/0380	$547,900	$604,600	13.87	1010	SINGLE FAM MDL01	RD	1	2016	$329,500	$275,100	$604,600	$425,000	04/21/2017	$80,000	04/20/2005	21:26:40	249
357	223 DARTMOUTH COLLEGE HY	402/  59/  /  / 	  2072/0389	$159,000	$159,000	3.3	9200	NON PROFIT  MDL-00	RD	1	2016	$0	$159,000	$159,000	$0	12/31/1993			21:26:42	250
358	229 DARTMOUTH COLLEGE HY	402/  60/  /  / 	  3894/0592	$9,300	$9,300	0.38	9200	NON PROFIT  MDL-00	RD	1	2016	$0	$9,300	$9,300	$0	06/27/2012			21:26:45	251
359	233 DARTMOUTH COLLEGE HY	402/  61/  /  / 	  1513/0393	$227,500	$227,500	1.1	1010	SINGLE FAM MDL01	RD	1	2016	$92,400	$135,100	$227,500	$0	06/25/1984	$4,500	04/20/1946	21:26:47	252
360	241 DARTMOUTH COLLEGE HY	402/  62/  /  / 	  4202/0773	$229,900	$229,900	0.62	1010	SINGLE FAM MDL01	RD	1	2016	$128,100	$101,800	$229,900	$0	05/03/2016			21:26:50	253
361	259 DARTMOUTH COLLEGE HY	402/  63/  /  / 	  2292/0821	$501,200	$712,000	40	1010	SINGLE FAM MDL01	RD	1	2016	$344,600	$367,400	$712,000	$4,000	01/14/1998	$218,000	08/10/1987	21:26:53	254
115	21 PLEASANT ST	201/  79/  1000/  / 	  4440/ 498	$358,900	$479,700	22	1010	SINGLE FAM MDL01	LCD	1	2016	$221,200	$258,500	$479,700	$0	06/06/2019			21:26:58	255
116	23 PLEASANT ST	201/  79/  2000/  / 	  2132/0258	$397,700	$397,700	2.08	1010	SINGLE FAM MDL01	LCD	1	2016	$249,500	$148,200	$397,700	$0	02/17/1995			21:27:00	256
118	7 BRITTON LN	201/  81/  /  / 	  3450/0372	$683,500	$683,500	5.3	3130	LUMBER YRD	RD	1	2016	$155,800	$527,700	$683,500	$650,000	09/18/2007	$62,500	03/31/1995	21:27:03	257
377	64 SHOESTRAP RD	402/  79/  /  / 	  1041/0090	$183,700	$497,500	115	1010	SINGLE FAM MDL01	RD	1	2016	$34,900	$462,600	$497,500	$0				21:27:07	258
378	136 RIVER RD	402/  80/  /  / 	  3632/0618	$403,700	$403,700	0.63	1010	SINGLE FAM MDL01	RD	1	2016	$275,300	$128,400	$403,700	$105,000	07/27/2009	$111,533	10/07/2005	21:27:08	259
380	3 MAPLE LN	402/  82/  /  / 	  4548/ 132	$342,200	$342,200	2.1	1010	SINGLE FAM MDL01	RD	1	2016	$184,800	$157,400	$342,200	$0	08/24/2020	$349,000	03/27/2020	21:27:11	260
381	2 MAPLE LN	402/  83/  /  / 	  4525/ 901	$180,800	$180,800	0.53	1010	SINGLE FAM MDL01	RD	1	2016	$73,000	$107,800	$180,800	$190,000	06/08/2020	$147,500	03/30/2016	21:27:14	261
835	96 ORFORD RD	407/  139/  /  / 	  2123/0419	$578,200	$578,200	7.39	1010	SINGLE FAM MDL01	RD	2	2016	$342,000	$236,200	$578,200	$0	12/15/1994	$4,000	06/23/1988	21:27:17	262
836	92 ORFORD RD	407/  140/  /  / 	  4085/0657	$24,500	$258,100	14.84	1060	AC LND IMP	RD	1	2016	$8,800	$249,300	$258,100	$659,000	09/22/2014	$345,000	09/05/2001	21:27:20	263
837	84 ORFORD RD	407/  141/  /  / 	  4394/0498	$688,600	$689,800	1.59	1090	MULTI HSES	RD	3	2016	$477,800	$212,000	$689,800	$0	10/12/2018	$659,000	09/22/2014	21:27:23	264
838	16 BRITTON LN	408/  1/  /  / 	  4353/0607	$400,300	$400,300	4.1	1010	SINGLE FAM MDL01	RD	1	2016	$258,300	$142,000	$400,300	$440,000	04/16/2018	$130,000	12/09/1992	21:27:25	265
840	11 ORFORD RD	408/  3/  /  / 	  4564/ 344	$220,200	$220,200	1.4	1010	SINGLE FAM MDL01	LCD	1	2016	$89,500	$130,700	$220,200	$1,000	10/13/2020			21:27:27	266
841	13 ORFORD RD	408/  4/  /  / 	  3167/0671	$749,400	$749,400	1.30	3400	OFFICE BLD  MDL-94	RD	3	2016	$543,500	$205,900	$749,400	$0	07/13/2005			21:27:30	267
842	15 ORFORD RD	408/  5/  /  / 	  2372/0638	$210,100	$210,100	0.47	1010	SINGLE FAM MDL01	RD	1	2016	$116,900	$93,200	$210,100	$0	07/30/2008	$75,000	02/03/1999	21:27:33	268
843	23 ORFORD RD	408/  6/  /  / 	  3389/ 560	$235,800	$235,800	3.6	1010	SINGLE FAM MDL01	RD	1	2016	$83,600	$152,200	$235,800	$0	03/23/2007	$4,000	09/23/1993	21:27:35	269
844	27 ORFORD RD	408/  7/  /  / 	002936/0109	$93,200	$301,800	45.8	1013	SFR WATER  MDL-01	RD	1	2016	$4,300	$297,500	$301,800	$0	12/09/2003			21:27:37	270
845	35 ORFORD RD	408/  8/  /  / 	  1776/0056	$353,100	$353,100	2	1010	SINGLE FAM MDL01	RD	1	2016	$211,500	$141,600	$353,100	$4,000	11/08/1988			21:27:40	271
846	41 ORFORD RD	408/  9/  /  / 	 	$113,800	$113,800	3.8	9010	STATE NH	RD	1	2016	$0	$113,800	$113,800	$0				21:27:44	272
849	92 POST POND LN (LAND ONLY)	408/  12/  /  / 	  1176/0426	$117,700	$117,700	19.6	9035	TOWN-PROP	RD	1	2016	$0	$117,700	$117,700	$0				21:27:47	273
760	165 WHIPPLE HILL RD	407/  80/  /  / 	  3897/0300	$136,500	$289,600	51.6	1300	RES ACLNDV		1	2016	$0	$289,600	$289,600	$210,000	07/06/2012	$250,000	01/30/2009	21:27:51	274
762	160 WHIPPLE HILL RD	407/  81/  /  / 	002738/0562	$500	$181,700	21.2	6303	OTM-3		1	2016	$0	$181,700	$181,700	$112,466	10/31/2002	$20,000	02/06/1990	21:27:52	275
765	132 WHIPPLE HILL RD	407/  84/  /  / 	  4560/ 195	$464,100	$536,100	11.40	1010	SINGLE FAM MDL01	RD	1	2016	$313,700	$222,400	$536,100	$527,500	09/30/2020	$347,670	05/10/2000	21:27:55	276
101502	44 BLISS LN	410/  51/  /  / 	  2549/0311	$13,400	$13,400	8.1	1320	RES ACLNUD	RD	1	2016	$0	$13,400	$13,400	$0	04/27/2001			21:27:57	277
101522	Problem loading parcel PID 101522, Map 408 Lot 1.2
101523	44 BRITTON LN	408/  1/  0100/  / 	  3084/0018	$381,500	$487,700	30.08	1010	SINGLE FAM MDL01	RD	1	2016	$244,100	$243,600	$487,700	$0	11/19/2004	$100,000	08/08/2001	21:28:04	279
101542	675 RIVER RD	405/  33/  /  / 	  2001/0552	$531,100	$1,292,100	105.9	1013	SFR WATER  MDL-01	RD	1	2016	$203,700	$1,088,400	$1,292,100	$0	03/04/2003			21:28:06	280
769	144 ORFORD RD	407/  88/  /  / 	  4475/ 933	$345,000	$345,000	3.15	1010	SINGLE FAM MDL01	RD	1	2016	$195,800	$149,200	$345,000	$369,000	10/25/2019	$283,000	09/18/2008	21:28:08	281
770	124 ORFORD RD	407/  89/  /  / 	 	$6,400	$269,900	25.52	6505	FARM-5	RD	1	2016	$0	$269,900	$269,900	$0				21:28:11	282
101562	626 DORCHESTER RD	421/  22/  /  / 	  4414/0586	$16,600	$379,800	213	1060	AC LND IMP	RD	1	2016	$900	$378,900	$379,800	$100,000	01/31/2019			21:28:15	283
772	11 PINNACLE RD	407/  91/  /  / 	  1613/0215	$433,300	$433,300	3	1010	SINGLE FAM MDL01	RD	1	2016	$256,700	$176,600	$433,300	$141,000	08/07/1986			21:28:19	284
306	69 WASHBURN HILL RD	402/  14/  /  / 	  1424/ 471	$474,500	$474,500	3.1	1010	SINGLE FAM MDL01	RD	1	2016	$254,500	$220,000	$474,500	$0				21:28:21	285
307	77 WASHBURN HILL RD	402/  15/  1000/  / 	  4114/0078	$758,500	$860,600	18.44	1010	SINGLE FAM MDL01	RD	1	2016	$498,100	$362,500	$860,600	$0	03/09/2015	$779,000	08/02/2012	21:28:25	286
308	64 WASHBURN HILL RD	402/  16/  /  / 	  1733/0962	$476,700	$476,700	3.31	1010	SINGLE FAM MDL01	RD	1	2016	$280,100	$196,600	$476,700	$225,000	04/15/1988			21:28:27	287
309	66 WASHBURN HILL RD	402/  17/  /  / 	  4185/ 938	$590,000	$855,100	79.7	1010	SINGLE FAM MDL01	RD	1	2016	$283,200	$571,900	$855,100	$700,000	01/29/2016	$220,000	02/27/1985	21:28:31	288
310	108 PRESTON RD	402/  18/  2000/  / 	  4619/ 634	$694,700	$756,100	15.78	1010	SINGLE FAM MDL01	RD	1	2016	$511,300	$244,800	$756,100	$0	04/09/2021	$150,000	05/04/2004	21:28:35	289
313	50 PRESTON RD	402/  21/  /  / 	  4537/0060	$1,105,700	$1,337,000	48.8	1010	SINGLE FAM MDL01	RD	1	2016	$675,600	$661,400	$1,337,000	$1,325,000	07/16/2020	$1,236,800	07/16/2004	21:28:37	290
315	45 PRESTON RD	402/  23/  /  / 	  2260/0768	$659,100	$659,100	7	1040	TWO FAMILY		1	2016	$484,200	$174,900	$659,100	$0	06/03/1997	$30,000	05/03/1988	21:28:38	291
316	55 PRESTON RD	402/  24/  /  / 	  3200/0568	$410,200	$410,200	10	1010	SINGLE FAM MDL01	RD	1	2016	$229,500	$180,700	$410,200	$380,000	09/30/2005			21:28:40	292
319	69 PRESTON RD	402/  26/  1000/  / 	  3669/0559	$604,700	$604,700	5.09	1010	SINGLE FAM MDL01	RD	1	2016	$381,800	$222,900	$604,700	$0	12/17/2009			21:28:43	293
320	81 PRESTON RD	402/  26/  2000/  / 	  3669/0559	$9,700	$433,100	57.7	6514	FARMR-4	RD	1	2016	$0	$433,100	$433,100	$0	12/17/2009			21:28:46	294
321	97 PRESTON RD	402/  27/  /  / 	  1051/0565	$215,400	$215,400	1.1	1010	SINGLE FAM MDL01	RD	1	2016	$74,900	$140,500	$215,400	$0				21:28:48	295
322	20 WASHBURN HILL RD	402/  28/  /  / 	 	$151,200	$273,200	22	1300	RES ACLNDV	RD	1	2016	$0	$273,200	$273,200	$0				21:28:52	296
323	218 DARTMOUTH COLLEGE HY	402/  29/  /  / 	  4514/ 870	$293,100	$293,100	2	1010	SINGLE FAM MDL01	RD	1	2016	$149,300	$143,800	$293,100	$299,000	04/27/2020	$188,000	04/01/2015	21:28:53	297
324	208 DARTMOUTH COLLEGE HY	402/  30/  /  / 	  4174/   8	$423,000	$423,000	1.5	1010	SINGLE FAM MDL01	RD	1	2016	$285,200	$137,800	$423,000	$436,000	11/24/2015	$410,000	04/09/2013	21:28:55	298
382	116 RIVER RD	402/  84/  /  / 	  4059/0770	$309,800	$309,800	0.94	1010	SINGLE FAM MDL01	RD	1	2016	$150,900	$158,900	$309,800	$286,534	06/03/2014	$4,000	06/01/1993	21:28:59	299
384	91 RIVER RD	402/  86/  /  / 	    PC/2003	$356,900	$561,800	18	1013	SFR WATER  MDL-01	RD	1	2016	$115,100	$446,700	$561,800	$0	01/01/2003	$4,000	04/23/1993	21:29:03	300
385	101 RIVER RD	402/  87/  /  / 	  1107/0355	$458,500	$458,500	1.55	1040	TWO FAMILY	RD	1	2016	$285,900	$172,600	$458,500	$0				21:29:05	301
387	111 RIVER RD (HEWES BROOK PRE	402/  89/  /  / 	  2624/0731	$32,300	$32,300	1	9035	TOWN-PROP	RD	1	2016	$0	$32,300	$32,300	$0	01/18/2002	$90,000	03/30/1999	21:29:08	302
388	117 RIVER RD	402/  90/  /  / 	  3938/0992	$73,500	$73,500	3.5	1320	RES ACLNUD	RD	1	2016	$0	$73,500	$73,500	$0	12/11/2012			21:29:11	303
390	129 RIVER RD	402/  92/  /  / 	  3299/0718	$454,600	$454,600	8.6	1300	RES ACLNDV	RD	1	2016	$0	$454,600	$454,600	$550,000	06/26/2006	$4,000	10/12/1988	21:29:14	304
391	131 RIVER RD	402/  93/  /  / 	PRO-00044	$469,100	$469,100	1.3	1013	SFR WATER  MDL-01	RD	1	2016	$147,800	$321,300	$469,100	$0	09/12/2009	$500	03/31/1961	21:29:19	305
392	133+137 RIVER RD	402/  94/  /  / 	  3536/0280	$850,400	$850,400	2.3	1013	SFR WATER  MDL-01	RD	1	2016	$490,100	$360,300	$850,400	$0	06/04/2008	$134,000	06/24/1997	21:29:20	306
394	139 RIVER RD	402/  96/  /  / 	  2084/0285	$726,500	$726,500	1.80	1093	MLTI HS WF	RD	2	2016	$371,100	$355,400	$726,500	$110,000	04/01/1994	$68,500	09/17/1986	21:29:22	307
395	143 RIVER RD	402/  97/  /  / 	  3668/0759	$654,800	$654,800	2.33	1013	SFR WATER  MDL-01	RD	1	2016	$319,100	$335,700	$654,800	$0	12/08/2009	$99,533	10/14/2005	21:29:23	308
102712	24 HIGH ST (HIGHLAND CEMETER	201/  110/  2000/  / 	002888/0819	$258,000	$258,000	6.57	9030	MUNICPAL  MDL-00	LCD	1	2016	$11,100	$246,900	$258,000	$0	09/10/2003			21:29:25	309
398	155 RIVER RD	402/  100/  /  / 	  4479/ 998	$927,100	$927,100	2.15	1013	SFR WATER  MDL-01	RD	1	2016	$573,400	$353,700	$927,100	$0	11/08/2019	$99,533	10/14/2005	21:29:28	310
399	161 RIVER RD	402/  101/  /  / 	  4150/0104	$750,100	$750,100	1.00	1013	SFR WATER  MDL-01	RD	2	2016	$356,900	$393,200	$750,100	$0	08/12/2015	$300,000	09/05/2002	21:29:31	311
400	207 RIVER RD	402/  102/  /  / 	  4291/0231	$502,200	$502,200	1.8	1040	TWO FAMILY	RD	1	2016	$339,100	$163,100	$502,200	$0	06/20/2017	$200,000	06/11/1997	21:29:33	312
402	261 RIVER RD	402/  104/  /  / 	  3449/0254	$2,596,300	$2,596,300	6.60	1093	MLTI HS WF	RD	2	2016	$1,391,300	$1,205,000	$2,596,300	$1,900,000	09/13/2007	$4,000	03/02/1993	21:29:34	313
405	300 DARTMOUTH COLLEGE HY	403/  3/  /  / 	  1873/ 112	$291,100	$291,100	1.2	1010	SINGLE FAM MDL01	RD	1	2016	$147,800	$143,300	$291,100	$116,685	08/10/1990			21:29:36	314
407	39 EAST THETFORD RD	403/  5/  /  / 	  4489/ 718	$13,900	$420,900	41.08	6516	FARMR-6	RD	1	2016	$0	$420,900	$420,900	$0	12/19/2019	$88,000	10/23/1996	21:29:40	315
408	53 EAST THETFORD RD	403/  6/  /  / 	  2206/0633	$320,000	$320,000	1	1010	SINGLE FAM MDL01	RD	1	2016	$171,500	$148,500	$320,000	$199,500	07/09/1996			21:29:41	316
415	79 EAST THETFORD RD	403/  8/  /  / 	  2369/0009	$455,600	$614,500	24.03	1010	SINGLE FAM MDL01	RD	1	2016	$242,800	$371,700	$614,500	$135,200	01/12/1998	$4,000	12/02/1997	21:29:44	317
417	101 EAST THETFORD RD	403/  9/  /  / 	  4257/0489	$55,700	$643,500	52.81	1060	AC LND IMP	RD	1	2016	$34,800	$608,700	$643,500	$689,000	01/19/2017	$500,000	06/23/2015	21:29:47	318
418	119 EAST THETFORD RD	403/  10/  /  / 	  3787/0174	$648,600	$648,600	5.81	1010	SINGLE FAM MDL01	RD	1	2016	$442,900	$205,700	$648,600	$0	04/08/2011	$450,000	07/07/2001	21:29:51	319
432	299 RIVER RD	403/  15/  /  / 	  2515/0075	$23,700	$23,700	0.15	1320	RES ACLNUD	RD	1	2016	$0	$23,700	$23,700	$15,000	02/02/2001			21:29:54	320
427	125 EAST THETFORD RD	403/  11/  /  / 	  3731/0426	$479,800	$479,800	2.63	1010	SINGLE FAM MDL01	RD	1	2016	$317,000	$162,800	$479,800	$420,000	09/14/2010	$410,000	10/10/2007	21:29:56	321
101183	 WHIPPLE HILL RD	407/  86/  3000/  / 	  2524/0286	$400	$65,400	8.34	6324	OTUN-4	RD	1	2016	$0	$65,400	$65,400	$0	03/21/2001	$500,000	11/18/1986	21:30:00	322
100061	Problem loading parcel PID 100061, Map 201 Lot 80
429	278 RIVER RD	403/  12/  /  / 	  1948/0106	$726,100	$816,500	11.66	1010	SINGLE FAM MDL01	RD	1	2016	$553,700	$262,800	$816,500	$345,048	01/23/1992			21:30:08	324
101202	 WHIPPLE HILL RD	407/  86/  4000/  / 	  2524/0286	$3,100	$231,200	9.56	6325	OTUN-5	RD	1	2016	$0	$231,200	$231,200	$0	03/21/2001	$500,000	11/18/1986	21:30:10	325
100502	85 DARTMOUTH COLLEGE HY #4010	401/  55/  401/  / 	  4290/0281	$421,200	$421,200	0.00	1021	CONDO NL  MDL-05	BD	1	2016	$421,200	$0	$421,200	$487,600	06/14/2017	$395,533	09/01/2009	21:30:12	326
100503	85 DARTMOUTH COLLEGE HY #4040	401/  55/  404/  / 	  4458/0140	$233,700	$233,700	0.00	1021	CONDO NL  MDL-05	BD	1	2016	$233,700	$0	$233,700	$327,500	08/16/2019	$250,000	10/24/2016	21:30:13	327
434	303 RIVER RD	403/  17/  /  / 	  2325/0701	$246,100	$246,100	0.21	1013	SFR WATER  MDL-01	RD	1	2016	$61,800	$184,300	$246,100	$75,000	06/26/1998	$42,857	09/07/1993	21:30:17	328
435	307 RIVER RD	403/  18/  /  / 	  3766/0588	$292,500	$292,500	0.15	1013	SFR WATER  MDL-01	RD	1	2016	$109,900	$182,600	$292,500	$235,000	12/28/2010	$275,000	09/29/2009	21:30:20	329
436	311 RIVER RD	403/  19/  /  / 	  4417/0385	$266,100	$266,100	0.37	1030	MOBILE HOM  MDL-02	RD	1	2016	$60,300	$205,800	$266,100	$0	02/19/2019			21:30:23	330
437	315 RIVER RD	403/  20/  /  / 	002827/0123	$1,026,200	$1,026,200	0.92	1093	MLTI HS WF	RD	2	2016	$648,100	$378,100	$1,026,200	$0	05/27/2003	$299,000	06/15/1998	21:30:27	331
438	319 RIVER RD	403/  21/  /  / 	PRO-00342	$570,500	$570,500	0.69	1040	TWO FAMILY	RD	1	2016	$308,800	$261,700	$570,500	$0	05/30/2012	$189,000	07/07/1995	21:30:28	332
440	327 RIVER RD	403/  23/  /  / 	  4508/ 505	$281,900	$281,900	0.58	1013	SFR WATER  MDL-01	RD	1	2016	$53,000	$228,900	$281,900	$185,000	03/30/2020			21:30:30	333
441	331 RIVER RD	403/  24/  /  / 	002784/0404	$840,200	$840,200	3.7	1093	MLTI HS WF	RD	2	2016	$385,000	$455,200	$840,200	$550,000	02/10/2003	$38,000	09/06/1989	21:30:32	334
442	339 RIVER RD	403/  25/  /  / 	002845/0276	$426,200	$426,200	0.66	1090	MULTI HSES		2	2016	$229,500	$196,700	$426,200	$0	05/30/2003	$135,000	12/12/1998	21:30:34	335
446	376 RIVER RD	403/  29/  1000/  / 	  4502/ 178	$611,000	$738,500	93.05	1010	SINGLE FAM MDL01	RD	1	2016	$394,400	$344,100	$738,500	$695,000	02/24/2020			21:30:35	336
447	37 LAMPHIRE HILL LN	403/  30/  /  / 	  1953/0322	$419,700	$419,700	4.93	1010	SINGLE FAM MDL01	RD	1	2016	$191,200	$228,500	$419,700	$160,000	02/19/1992			21:30:38	337
448	41 LAMPHIRE HILL LN	403/  31/  /  / 	  4162/ 277	$672,200	$724,300	16	1010	SINGLE FAM MDL01	RD	1	2016	$416,800	$307,500	$724,300	$625,000	09/14/2015	$339,500	11/04/2010	21:30:41	338
450	70 LAMPHIRE HILL LN	403/  33/  /  / 	  4092/0497	$873,800	$1,533,500	392.20	1090	MULTI HSES	RD	2	2016	$561,400	$972,100	$1,533,500	$84,000	11/03/2014			21:30:43	339
453	Problem loading parcel PID 453, Map 403 Lot 36
454	34 LAMPHIRE HILL LN	403/  37/  /  / 	PC-2005	$830,200	$1,426,400	147	1010	SINGLE FAM MDL01	RD	1	2016	$586,400	$840,000	$1,426,400	$0	04/23/2005			21:30:48	341
457	360 RIVER RD	403/  40/  /  / 	  2242/0345	$1,044,500	$1,228,200	34.94	1010	SINGLE FAM MDL01	RD	1	2016	$818,800	$409,400	$1,228,200	$4,000	03/14/1997			21:30:50	342
458	336 RIVER RD	403/  41/  /  / 	  4199/0809	$460,000	$460,000	5.1	1010	SINGLE FAM MDL01	RD	1	2016	$234,800	$225,200	$460,000	$575,000	04/20/2016	$330,000	04/29/2005	21:30:54	343
459	330 RIVER RD	403/  42/  /  / 	  4203/0100	$485,400	$485,400	4.48	1010	SINGLE FAM MDL01	RD	1	2016	$293,400	$192,000	$485,400	$0	04/20/2016	$213,333	06/17/1985	21:30:56	344
460	120 EAST THETFORD RD	403/  43/  /  / 	  3899/0388	$680,900	$758,100	28.1	1010	SINGLE FAM MDL01	RD	1	2016	$479,100	$279,000	$758,100	$0	07/16/2012	$118,500	09/26/1997	21:31:00	345
461	106 EAST THETFORD RD	403/  44/  /  / 	  4405/0570	$906,400	$985,200	22	1010	SINGLE FAM MDL01	RD	1	2016	$673,400	$311,800	$985,200	$200,000	12/07/2018	$2,666	05/10/2002	21:31:02	346
462	84 EAST THETFORD RD	403/  45/  /  / 	  3941/0106	$737,300	$790,700	13.00	1040	TWO FAMILY	RD	2	2016	$544,600	$246,100	$790,700	$579,533	12/18/2012	$425,048	07/26/1991	21:31:05	347
463	72 EAST THETFORD RD	403/  46/  /  / 	PC-2005	$4,200	$372,200	30.68	6516	FARMR-6	RD	1	2016	$0	$372,200	$372,200	$0	04/23/2005	$92,000	12/02/1997	21:31:09	348
465	7 RECORDRIDGE LN	403/  47/  /  / 	  3360/0554	$12,300	$250,900	36.2	6516	FARMR-6	RD	1	2016	$0	$250,900	$250,900	$800,000	12/08/2006	$525,000	08/09/2001	21:31:11	349
469	15 RECORDRIDGE LN	403/  48/  /  / 	  3360/0554	$997,000	$997,000	10.2	1010	SINGLE FAM MDL01	RD	1	2016	$725,500	$271,500	$997,000	$800,000	12/08/2006	$525,000	08/09/2001	21:31:13	350
472	26 RECORDRIDGE LN	403/  51/  /  / 	  1950/0328	$890,300	$956,600	14.9	1010	SINGLE FAM MDL01	RD	1	2016	$715,000	$241,600	$956,600	$135,048	01/31/1992	$123,474	01/10/1990	21:31:16	351
473	24 RECORDRIDGE LN	403/  52/  /  / 	  2013/0352	$745,500	$745,500	10.4	1010	SINGLE FAM MDL01	RD	1	2016	$535,100	$210,400	$745,500	$85,048	02/17/1993	$104,000	07/01/1991	21:31:19	352
474	20 RECORDRIDGE LN	403/  53/  /  / 	002833/0065	$519,200	$519,200	5.7	1010	SINGLE FAM MDL01		1	2016	$319,200	$200,000	$519,200	$146,000	06/09/2003	$100,000	02/03/1992	21:31:22	353
475	18 EAST THETFORD RD	403/  54/  /  / 	  4102/0110	$781,200	$946,200	40.70	1040	TWO FAMILY	RD	1	2016	$566,600	$379,600	$946,200	$500,000	12/19/2014			21:31:26	354
476	23 STORRS HILL LN	404/  1/  /  / 	  4471/ 712	$477,900	$620,200	37.4	1010	SINGLE FAM MDL01	RD	1	2016	$285,600	$334,600	$620,200	$475,000	10/09/2019			21:31:28	355
478	46 STORRS HILL LN	404/  3/  /  / 	  3052/0110	$461,300	$793,000	215	1040	TWO FAMILY	RD	1	2016	$270,800	$522,200	$793,000	$0	09/07/2004			21:31:29	356
479	28 STORRS HILL LN	404/  4/  /  / 	  3621/0609	$1,058,300	$1,359,900	103	1010	SINGLE FAM MDL01	RD	1	2016	$750,500	$609,400	$1,359,900	$0	06/24/2009	$395,048	04/24/1992	21:31:31	357
480	97 NORTH THETFORD RD	404/  5/  /  / 	  3378/0970	$409,400	$479,100	13.2	1010	SINGLE FAM MDL01	RD	1	2016	$247,100	$232,000	$479,100	$0	02/15/2007			21:31:35	358
482	105 NORTH THETFORD RD	404/  7/  /  / 	  3988/0223	$462,900	$538,100	15	1010	SINGLE FAM MDL01	RD	1	2016	$308,300	$229,800	$538,100	$525,000	06/18/2013	$633,200	05/01/2008	21:31:39	359
483	111 NORTH THETFORD RD	404/  8/  /  / 	  3901/0778	$700	$700	0.06	1320	RES ACLNUD	RD	1	2016	$0	$700	$700	$0	07/24/2012			21:31:42	360
484	131 NORTH THETFORD RD	404/  9/  /  / 	  4356/0716	$578,800	$578,800	2.3	1010	SINGLE FAM MDL01	RD	1	2016	$396,600	$182,200	$578,800	$0	04/30/2018	$97,619	09/23/1993	21:31:44	361
486	161 NORTH THETFORD RD	404/  11/  /  / 	  3389/0560	$585,900	$585,900	8.16	1110	APT 4-UNT  MDL-01	RD	1	2016	$367,800	$218,100	$585,900	$0	03/23/2007	$4,000	09/23/1993	21:31:45	362
487	175 NORTH THETFORD RD	404/  12/  /  / 	  3934/0421	$345,100	$345,100	1.84	1010	SINGLE FAM MDL01	RD	1	2016	$165,100	$180,000	$345,100	$325,000	11/21/2012	$112,000	07/26/1982	21:31:48	363
488	534 RIVER RD	404/  13/  /  / 	  2037/0625	$558,200	$558,200	1.78	1010	SINGLE FAM MDL01	RD	1	2016	$309,400	$248,800	$558,200	$146,467	06/21/1993	$20,000	12/14/1960	21:31:52	364
490	526 RIVER RD	404/  15/  /  / 	PRO-2004	$501,400	$501,400	0.98	1010	SINGLE FAM MDL01	RD	1	2016	$289,700	$211,700	$501,400	$0	11/18/2004			21:31:54	365
492	520 RIVER RD	404/  17/  /  / 	  3614/0968	$323,100	$323,100	5.83	1010	SINGLE FAM MDL01	RD	1	2016	$124,500	$198,600	$323,100	$278,533	06/02/2009			21:31:56	366
493	498 RIVER RD	404/  18/  /  / 	  3224/0749	$682,000	$1,117,300	66.1	1010	SINGLE FAM MDL01	RD	1	2016	$424,100	$693,200	$1,117,300	$0	11/22/2005			21:31:58	367
494	474 RIVER RD	404/  19/  /  / 	  4093/ 306	$1,267,500	$1,538,100	120	1080	SFR/ACC UNIT	RD	1	2016	$978,200	$559,900	$1,538,100	$362,533	11/05/2014			21:32:01	368
495	429 RIVER RD	404/  20/  /  / 	  3074/0149	$641,700	$641,700	7.36	1013	SFR WATER  MDL-01	RD	1	2016	$308,000	$333,700	$641,700	$0	09/15/2004	$262,000	06/29/1995	21:32:02	369
501	535 RIVER RD	404/  26/  /  / 	  1292/0257	$262,800	$262,800	0.96	1013	SFR WATER  MDL-01	RD	1	2016	$63,500	$199,300	$262,800	$20,500	09/09/1976	$20,000	12/14/1960	21:32:05	370
506	21 GREGORY RD	404/  31/  /  / 	  3704/0784	$937,200	$937,200	9	1010	SINGLE FAM MDL01		1	2016	$580,400	$356,800	$937,200	$650,000	05/24/2010	$625,000	05/22/2003	21:32:08	371
507	560 RIVER RD	404/  32/  /  / 	  4505/0085	$610,500	$979,800	122.50	1090	MULTI HSES	RD	4	2016	$326,000	$653,800	$979,800	$0	03/09/2020	$4,000	01/04/1994	21:32:11	372
509	25 BRECK HILL RD	404/  34/  /  / 	  3988/0241	$600,200	$600,200	1.7	1010	SINGLE FAM MDL01	RD	1	2016	$339,400	$260,800	$600,200	$612,533	06/18/2013	$295,000	08/23/2005	21:32:12	373
510	7 GREGORY RD	404/  35/  /  / 	  4120/0212	$659,900	$749,300	13.2	1010	SINGLE FAM MDL01	RD	1	2016	$406,200	$343,100	$749,300	$700,000	04/09/2015	$950,000	04/14/2006	21:32:15	374
512	40 BRECK HILL RD	404/  37/  /  / 	  3819/0886	$10,200	$265,100	35.34	6506	FARM-6	RD	1	2016	$0	$265,100	$265,100	$140,000	09/13/2011			21:32:17	375
513	34 BRECK HILL RD	404/  38/  /  / 	  3595/0931	$490,500	$490,500	5.4	1010	SINGLE FAM MDL01		1	2016	$275,900	$214,600	$490,500	$0	03/31/2009	$4,286	03/10/1989	21:32:20	376
514	30 BRECK HILL RD	404/  39/  /  / 	  3479/0593	$643,600	$722,300	14.46	1010	SINGLE FAM MDL01	RD	1	2016	$365,300	$357,000	$722,300	$685,000	12/04/2007	$2,667	09/05/2000	21:32:22	377
515	24 BRECK HILL RD	404/  40/  /  / 	  1928/0356	$361,300	$361,300	2.7	1010	SINGLE FAM MDL01	RD	1	2016	$173,600	$187,700	$361,300	$125,524	09/12/1991	$67,000	07/10/1986	21:32:25	378
517	2 BRECK HILL RD	404/  42/  /  / 	  3901/0778	$513,000	$613,500	16.4	1040	TWO FAMILY	RD	1	2016	$331,700	$281,800	$613,500	$0	07/24/2012			21:32:28	379
519	108 NORTH THETFORD RD	404/  44/  /  / 	  3389/0097	$299,000	$299,000	2.2	1010	SINGLE FAM MDL01	RD	1	2016	$142,100	$156,900	$299,000	$0	03/22/2007			21:32:30	380
102765	Problem loading parcel PID 102765, Map 401 Lot 29.1
520	100 NORTH THETFORD RD	404/  45/  /  / 	  4338/0634	$687,700	$687,700	3.8	1010	SINGLE FAM MDL01	RD	1	2016	$482,800	$204,900	$687,700	$0	01/18/2018			21:32:36	382
522	88 NORTH THETFORD RD	404/  47/  /  / 	  1646/ 722	$295,300	$295,300	2	1010	SINGLE FAM MDL01	RD	1	2016	$133,200	$162,100	$295,300	$65,000	01/05/1987			21:32:39	383
526	74 NORTH THETFORD RD	404/  48/  1000/  / 	  1088/0339	$350,600	$350,600	6.23	1090	MULTI HSES	RD	1	2016	$133,300	$217,300	$350,600	$0				21:32:41	384
527	68 NORTH THETFORD RD	404/  48/  2000/  / 	  2267/0853	$520,100	$520,100	5.78	1010	SINGLE FAM MDL01		1	2016	$312,700	$207,400	$520,100	$0	08/06/1997			21:32:43	385
530	59 BRECK HILL RD	405/  2/  /  / 	  2468/0135	$746,100	$760,400	6.91	1010	SINGLE FAM MDL01	RD	1	2016	$458,500	$301,900	$760,400	$280,000	05/09/2000			21:32:47	386
102732	172 GOOSE POND RD	410/  76/  /  / 	  3323/0687	$105,600	$105,600	0.46	1030	MOBILE HOM  MDL-02	RD	1	2016	$36,300	$69,300	$105,600	$80,000	09/01/2006			21:32:50	387
529	43 BRECK HILL RD	405/  1/  /  / 	  4526/ 683	$341,000	$341,000	2.92	1010	SINGLE FAM MDL01	RD	1	2016	$159,300	$181,700	$341,000	$0	06/11/2020	$260,000	02/08/2019	21:32:52	388
639	10 TAVERN LN	406/  36/  /  / 	  3897/0317	$1,951,500	$2,419,800	75.00	1010	SINGLE FAM MDL01	RD	3	2016	$1,610,400	$809,400	$2,419,800	$1,825,000	07/02/2012	$140,000	04/30/1999	21:32:54	389
625	280 ORFORD RD	406/  22/  1000/  / 	  4447/0290	$763,900	$763,900	7.24	1010	SINGLE FAM MDL01	RD	1	2016	$543,400	$220,500	$763,900	$798,000	07/01/2019	$585,000	07/08/2003	21:32:58	390
532	89 BRECK HILL RD	405/  4/  /  / 	  1807/ 510	$241,100	$241,100	5.07	1010	SINGLE FAM MDL01	RD	1	2016	$58,700	$182,400	$241,100	$4,000	06/04/1989			21:33:00	391
533	99 BRECK HILL RD	405/  5/  /  / 	  4336/0984	$757,100	$831,200	14.53	1010	SINGLE FAM MDL01	RD	1	2016	$561,200	$270,000	$831,200	$0	01/08/2018	$700,000	06/05/2012	21:33:02	392
643	105 ORFORD RD (LAND ONLY)	407/  4/  /  / 	  2507/0744	$40,400	$40,400	2.2	9035	TOWN-PROP	RD	1	2016	$0	$40,400	$40,400	$0	12/20/2000	$20,000	07/17/1992	21:33:04	393
648	41 POST POND LN	407/  9/  /  / 	  3574/0925	$1,331,000	$1,331,000	2.2	1013	SFR WATER  MDL-01	RD	1	2016	$838,300	$492,700	$1,331,000	$1,406,200	01/09/2009	$579,000	09/01/1998	21:33:07	394
538	133 BRECK HILL RD	405/  9/  /  / 	  4359/0442	$552,600	$636,400	18.29	1010	SINGLE FAM MDL01		1	2016	$377,000	$259,400	$636,400	$475,000	05/10/2018			21:33:09	395
540	722 RIVER RD	405/  11/  /  / 	  2343/0995	$481,300	$597,700	23.2	1010	SINGLE FAM MDL01	RD	1	2016	$296,800	$300,900	$597,700	$0	06/12/1998			21:33:11	396
542	668 RIVER RD	405/  13/  /  / 	  4348/0783	$325,500	$325,500	1.8	1010	SINGLE FAM MDL01	RD	1	2016	$177,800	$147,700	$325,500	$276,000	03/19/2018			21:33:14	397
543	664 RIVER RD	405/  14/  /  / 	  4506/ 726	$1,500	$54,100	13.64	1320	RES ACLNUD	RD	1	2016	$0	$54,100	$54,100	$17,000	03/18/2020			21:33:17	398
544	658 RIVER RD	405/  15/  /  / 	  4182/ 178	$233,900	$233,900	1.2	1030	MOBILE HOM  MDL-02	RD	1	2016	$62,700	$171,200	$233,900	$0	01/02/2016			21:33:19	399
545	652+654 RIVER RD	405/  16/  /  / 	  4548/  52	$270,900	$270,900	0.98	1010	SINGLE FAM MDL01	RD	1	2016	$102,700	$168,200	$270,900	$95,000	08/21/2020			21:33:22	400
546	644 RIVER RD	405/  17/  /  / 	  4575/ 214	$282,700	$332,900	14.7	1010	SINGLE FAM MDL01	RD	1	2016	$115,400	$217,500	$332,900	$329,900	11/16/2020	$225,000	04/19/2019	21:33:24	401
547	642 RIVER RD	405/  18/  /  / 	  4379/0069	$361,300	$361,300	5.59	1010	SINGLE FAM MDL01	RD	1	2016	$175,800	$185,500	$361,300	$0	08/01/2018	$200,000	08/25/1997	21:33:28	402
102814	111 ORFORD RD (REC AREA)	407/  5/  1000/  / 	   970/ 484	$391,900	$391,900	11.8	9030	MUNICPAL  MDL-00	RD	1	2016	$49,000	$342,900	$391,900	$0	05/09/1962			21:33:31	403
552	614 RIVER RD	405/  21/  /  / 	  1280/0667	$137,100	$280,000	41	1060	AC LND IMP	RD	1	2016	$3,600	$276,400	$280,000	$0				21:33:34	404
102815	115 ORFORD RD (CHAFFEE)	407/  5/  2000/  / 	  1319/ 422	$126,900	$126,900	21.02	9035	TOWN-PROP	RD	1	2016	$0	$126,900	$126,900	$0	10/07/1977			21:33:36	405
557	610 RIVER RD	405/  22/  1000/  / 	  4558/ 218	$318,700	$318,700	8.9	1010	SINGLE FAM MDL01		1	2016	$114,900	$203,800	$318,700	$160,000	09/25/2020	$115,066	10/06/2015	21:33:38	406
558	608 RIVER RD	405/  22/  2000/  / 	  2125/0554	$256,700	$256,700	2.4	1030	MOBILE HOM  MDL-02	RD	1	2016	$78,500	$178,200	$256,700	$0	12/14/1994			21:33:42	407
559	10 GREGORY RD	405/  23/  /  / 	  1661/0770	$445,300	$568,200	11.50	1010	SINGLE FAM MDL01	RD	1	2016	$297,800	$270,400	$568,200	$53,635	04/16/1987			21:33:45	408
560	591 RIVER RD	405/  24/  /  / 	  3389/ 560	$286,300	$286,300	1.6	1010	SINGLE FAM MDL01	RD	1	2016	$123,400	$162,900	$286,300	$0	03/23/2007	$4,000	09/23/1993	21:33:49	409
561	597 RIVER RD (PORTER CEMETERY	405/  25/  /  / 	 	$12,200	$12,200	0.36	9035	TOWN-PROP		1	2016	$0	$12,200	$12,200	$0				21:33:53	410
102834	67  ACORN HILL RD	408/  63/  /  / 	  4250/0161	$1,206,400	$1,382,700	32.13	1010	SINGLE FAM MDL01	RD	1	2016	$860,200	$522,500	$1,382,700	$410,000	11/22/2016			21:33:56	411
563	609 RIVER RD	405/  27/  /  / 	  3449/0926	$592,200	$592,200	7.6	1013	SFR WATER  MDL-01	RD	1	2016	$344,200	$248,000	$592,200	$500,000	09/17/2007	$235,000	09/11/1995	21:33:59	412
564	625 RIVER RD	405/  28/  /  / 	  3165/0988	$859,800	$1,155,300	54.6	1013	SFR WATER  MDL-01	RD	1	2016	$497,800	$657,500	$1,155,300	$650,000	07/14/2005			21:34:03	413
565	639 RIVER RD	405/  29/  /  / 	002884/0020	$511,500	$580,000	21	1010	SINGLE FAM MDL01	RD	1	2016	$247,800	$332,200	$580,000	$0	08/29/2003	$415,000	05/01/2003	21:34:07	414
102874	177  GRAFTON TPK	413/  8/  /  / 	  1397/0757	$3,800	$207,500	71	6324	OTUN-4	ELD	1	2016	$0	$207,500	$207,500	$0	01/01/1981			21:34:08	415
102766	616 RIVER RD	405/  20/  /  / 	  4118/0695	$346,100	$346,100	1.8	1010	SINGLE FAM MDL01	RD	1	2016	$171,800	$174,300	$346,100	$0	04/02/2015			21:34:11	416
102875	520  DORCHESTER RD	420/  27/  /  / 	  4216/0484	$13,700	$848,300	370	6115	WPMR-5	ELD	1	2016	$0	$848,300	$848,300	$1,300,000	06/27/2016	$1,246,000	09/19/2013	21:34:13	417
102768	29 HIGH ST	201/  128/  2000/  / 	  2197/0241	$109,300	$109,300	2.77	1300	RES ACLNDV	LCD	1	2016	$0	$109,300	$109,300	$165,000	05/17/1996			21:34:15	418
102916	94 NORTH THETFORD RD	404/  46/  /  / 	  3937/0178	$25,000	$294,700	62	6505	FARM-5	RD	1	2016	$0	$294,700	$294,700	$186,000	12/04/2012	$140,000	05/09/2010	21:34:18	419
1049	116 DORCHESTER RD	409/  94/  /  / 	  3185/0660	$192,500	$192,500	17	1010	SINGLE FAM MDL01	RD	2	2016	$31,100	$161,400	$192,500	$131,266	08/24/2005			21:34:22	420
1051	98 DORCHESTER RD	409/  95/  /  / 	  3273/0273	$220,800	$220,800	4.4	1030	MOBILE HOM  MDL-02	RD	1	2016	$73,600	$147,200	$220,800	$205,000	04/18/2006			21:34:24	421
1052	72 DORCHESTER RD	409/  96/  /  / 	  1772/ 531	$254,300	$379,200	23.3	1010	SINGLE FAM MDL01	RD	1	2016	$118,300	$260,900	$379,200	$4,000	11/02/1988			21:34:26	422
1053	136 WASHBURN HILL RD	409/  98/  /  / 	  4322/0033	$1,187,500	$1,903,600	249.3	1010	SINGLE FAM MDL01	RD	1	2016	$859,100	$1,044,500	$1,903,600	$1,700,000	11/01/2017	$1,650,000	04/02/2004	21:34:28	423
1054	92 WASHBURN HILL RD	409/  99/  /  / 	4123-0565	$1,999,000	$2,395,400	84	1010	SINGLE FAM MDL01	RD	1	2016	$1,529,800	$865,600	$2,395,400	$2,650,000	04/28/2015	$1,535,000	04/25/2005	21:34:31	424
1055	100 EAST ST	409/  100/  /  / 	  4519/ 340	$16,900	$327,000	113	6124	WPUN-4	RD	1	2016	$0	$327,000	$327,000	$328,900	05/14/2020			21:34:35	425
1057	60 EAST ST	410/  2/  /  / 	  4519/ 337	$1,700	$72,300	28.4	6224	HWUN-4	RD	1	2016	$0	$72,300	$72,300	$112,133	05/14/2020			21:34:37	426
1060	232 BAKER HILL RD	410/  5/  /  / 	002779/0048	$1,145,300	$1,390,700	44.4	1010	SINGLE FAM MDL01	RD	1	2016	$952,200	$438,500	$1,390,700	$0	02/17/2003	$90,000	03/20/1998	21:34:41	427
804	66 HIGHBRIDGE RD	407/  113/  /  / 	  4464/0258	$674,700	$885,800	47.70	1090	MULTI HSES	RD	2	2016	$439,600	$446,200	$885,800	$0	09/11/2019	$4,000	05/04/1998	21:34:43	428
806	42 HIGHBRIDGE RD	407/  114/  /  / 	  4359/0624	$921,500	$1,052,000	21.30	1010	SINGLE FAM MDL01	RD	1	2016	$715,100	$336,900	$1,052,000	$912,500	05/11/2018	$865,000	06/24/2015	21:34:46	429
807	41 HIGHBRIDGE RD	407/  115/  /  / 	  4383/0493	$14,500	$722,500	205	6335	OTUNR-5	RD	1	2016	$0	$722,500	$722,500	$515,000	08/23/2018			21:34:49	430
808	53 HIGHBRIDGE RD	407/  116/  /  / 	  4137/0288	$406,700	$406,700	6.4	1010	SINGLE FAM MDL01	RD	1	2016	$222,600	$184,100	$406,700	$429,000	06/22/2015	$175,000	06/06/1994	21:34:53	431
809	65 HIGHBRIDGE RD	407/  117/  /  / 	 	$377,700	$377,700	5.09	1010	SINGLE FAM MDL01	RD	1	2016	$194,900	$182,800	$377,700	$0				21:34:57	432
810	85 HIGHBRIDGE RD	407/  118/  /  / 	  4213/0942	$1,042,400	$1,167,100	16.45	1010	SINGLE FAM MDL01	RD	1	2016	$782,700	$384,400	$1,167,100	$1,620,000	06/26/2016	$625,000	11/07/1996	21:35:00	433
811	95 HIGHBRIDGE RD	407/  119/  /  / 	  4534/ 526	$232,200	$369,700	29.92	1060	AC LND IMP	RD	1	2016	$17,300	$352,400	$369,700	$0	07/07/2020			21:35:01	434
812	124 PINNACLE RD	407/  120/  /  / 	  4157/  63	$396,700	$471,300	13.89	1010	SINGLE FAM MDL01	RD	1	2016	$256,800	$214,500	$471,300	$0	09/09/2015	$13,000	12/10/1976	21:35:06	435
814	1 CUTTING HILL LN	407/  122/  /  / 	  4043/0506	$670,300	$670,300	2.3	1010	SINGLE FAM MDL01	RD	1	2016	$494,100	$176,200	$670,300	$0	03/06/2014	$140,000	09/06/2002	21:35:08	436
815	11 CUTTING HILL LN	407/  123/  /  / 	  4533/ 658	$672,400	$672,400	10	1090	MULTI HSES	RD	2	2016	$420,300	$252,100	$672,400	$608,000	07/06/2020			21:35:10	437
820	19 CUTTING HILL LN	407/  125/  1000/  / 	  2600/0174	$1,149,500	$1,233,600	12.50	1010	SINGLE FAM MDL01	RD	1	2016	$954,300	$279,300	$1,233,600	$2,666	11/02/2001	$360,000	07/31/1995	21:35:14	438
821	47 HIGHBRIDGE RD	407/  125/  2000/  / 	  2151/0999	$1,300	$243,100	21.6	6236	HWUNR-6		1	2016	$0	$243,100	$243,100	$0	07/31/1995			21:35:15	439
824	98 PINNACLE RD	407/  128/  /  / 	PC-0370	$228,800	$228,800	10	1010	SINGLE FAM MDL01	RD	1	2016	$38,200	$190,600	$228,800	$0	06/16/2008			21:35:18	440
826	7 MASA MOREY LN	407/  130/  /  / 	  3829/0418	$509,000	$610,200	29.8	1010	SINGLE FAM MDL01	RD	1	2016	$301,900	$308,300	$610,200	$0	10/25/2011	$29,000	11/19/1986	21:35:19	441
827	43 MASA MOREY LN	407/  131/  /  / 	  2713/0090	$1,304,000	$1,638,000	85.15	1090	MULTI HSES	RD	2	2016	$738,000	$900,000	$1,638,000	$2,666	09/10/2002	$700,000	01/14/1994	21:35:23	442
829	64 PINNACLE RD	407/  133/  /  / 	  4023/0682	$688,800	$752,100	19.00	1090	MULTI HSES	RD	3	2016	$393,900	$358,200	$752,100	$0	11/06/2013	$15,000	12/02/1977	21:35:26	443
830	50 PINNACLE RD	407/  134/  /  / 	  4023/0680	$298,700	$298,700	0.89	1010	SINGLE FAM MDL01	RD	1	2016	$159,900	$138,800	$298,700	$0	11/06/2013	$120,000	02/15/2011	21:35:29	444
831	24 PINNACLE RD	407/  135/  /  / 	  1835/ 703	$1,831,900	$1,831,900	38.1	1090	MULTI HSES		3	2016	$1,132,300	$699,600	$1,831,900	$205,053	12/01/1989	$168,000	05/15/1989	21:35:31	445
834	4 PINNACLE RD	407/  138/  /  / 	  2373/0736	$276,500	$276,500	0.69	1010	SINGLE FAM MDL01	RD	1	2016	$156,300	$120,200	$276,500	$4,000	02/09/1999			21:35:33	446
594	68 BRECK HILL RD	405/  47/  /  / 	  3609/0957	$763,000	$798,800	8.01	1010	SINGLE FAM MDL01		1	2016	$541,800	$257,000	$798,800	$630,000	05/19/2009	$437,950	08/13/1988	21:35:36	447
597	52 BRECK HILL RD	405/  50/  /  / 	  3402/0127	$992,000	$1,089,400	15.25	1010	SINGLE FAM MDL01	RD	1	2016	$689,900	$399,500	$1,089,400	$0	04/24/2007			21:35:38	448
598	263 ORFORD RD (LAND ONLY)	406/  1/  /  / 	  2293/0700	$35,000	$35,000	8.8	9035	TOWN-PROP	RD	1	2016	$0	$35,000	$35,000	$0	01/20/1998	$199,000	07/01/1994	21:35:42	449
600	301 ORFORD RD	406/  3/  /  / 	  4582/ 650	$261,800	$261,800	3.5	1010	SINGLE FAM MDL01		1	2016	$133,000	$128,800	$261,800	$240,500	12/08/2020			21:35:46	450
603	385 ORFORD RD	406/  6/  /  / 	  2980/0489	$20,600	$250,000	64	6515	FARMR-5	RD	1	2016	$0	$250,000	$250,000	$0	04/08/2004			21:35:49	451
605	393 ORFORD RD	406/  8/  /  / 	  2997/0362	$307,200	$307,200	0.9	1010	SINGLE FAM MDL01	RD	1	2016	$173,900	$133,300	$307,200	$0	05/11/2004	$95,000	02/05/1996	21:35:51	452
607	396 ORFORD RD	406/  10/  /  / 	  4573/ 432	$373,300	$373,300	2.5	0101	Single Fam	RD	2	2016	$243,800	$129,500	$373,300	$0	11/09/2020	$2,667	07/10/2015	21:35:55	453
611	394 ORFORD RD	406/  11/  /  / 	  3006/0740	$838,800	$1,132,500	130	1010	SINGLE FAM MDL01		1	2016	$672,000	$460,500	$1,132,500	$390,000	05/27/2004	$116,250	11/01/1988	21:35:58	454
102644	HORTON LN	408/  44/  /  / 	  0000/0000	$20,800	$145,900	25	1010	SINGLE FAM MDL01	RD	1	2016	$6,300	$139,600	$145,900	$0	07/26/2005			21:36:01	455
617	368 ORFORD RD	406/  14/  /  / 	  4513/ 405	$308,500	$308,500	5.81	1010	SINGLE FAM MDL01	RD	1	2016	$153,300	$155,200	$308,500	$245,000	04/21/2020	$100	06/21/1974	21:36:04	456
618	346 ORFORD RD	406/  15/  /  / 	  1734/0766	$267,600	$363,200	59	1010	SINGLE FAM MDL01	RD	2	2016	$83,100	$280,100	$363,200	$4,000	04/25/1988			21:36:06	457
620	344 ORFORD RD	406/  17/  /  / 	  4350/0491	$6,900	$70,300	85.1	6123	WPUN-3	RD	1	2016	$0	$70,300	$70,300	$20,000	03/29/2018	$38,533	07/17/2015	21:36:09	458
621	328 ORFORD RD	406/  18/  /  / 	  3205/0183	$289,600	$350,600	17.3	1010	SINGLE FAM MDL01	RD	1	2016	$147,400	$203,200	$350,600	$0	09/12/2005	$4,000	04/25/1988	21:36:12	459
622	320 ORFORD RD	406/  19/  /  / 	  3409/0340	$236,000	$236,000	1.75	1010	SINGLE FAM MDL01	RD	1	2016	$97,700	$138,300	$236,000	$235,000	05/22/2007			21:36:15	460
102736	25 LAMPHIRE HILL LN	403/  29/  2000/  / 	  3337/0439	$618,200	$692,900	13.99	1010	SINGLE FAM MDL01	RD	1	2016	$425,900	$267,000	$692,900	$0	10/13/2006			21:36:16	461
623	314 ORFORD RD	406/  20/  /  / 	  4311/0188	$237,200	$299,700	20	1010	SINGLE FAM MDL01	RD	1	2016	$89,500	$210,200	$299,700	$0	09/15/2017			21:36:19	462
624	302 ORFORD RD	406/  21/  /  / 	  1552/0633	$448,800	$593,000	42	0101	Single Fam	RD	2	2016	$301,300	$291,700	$593,000	$0				21:36:21	463
626	264 ORFORD RD	406/  23/  /  / 	  2152/0508	$518,700	$617,100	46.89	1010	SINGLE FAM MDL01		1	2016	$305,900	$311,200	$617,100	$213,000	08/01/1995	$199,000	07/01/1994	21:36:23	464
627	129 CULVER HILL LN	406/  24/  /  / 	  1852/0704	$1,100	$32,700	33	6710	UNPRODUCTIVE-REC		1	2016	$0	$32,700	$32,700	$0	02/21/1990			21:36:26	465
633	85 ORFORDVILLE RD (TOWN FORE	406/  30/  /  / 	 	$585,800	$585,800	355	9035	TOWN-PROP	RD	1	2016	$0	$585,800	$585,800	$0				21:36:27	466
634	111 MUD TURTLE POND RD	406/  31/  /  / 	  4177/ 848	$7,700	$287,800	207	6213	HWMR-3	RD	1	2016	$0	$287,800	$287,800	$0	12/08/2015			21:36:31	467
635	121 MUD TURTLE POND RD	406/  32/  /  / 	  3231/0776	$4,200	$4,200	0.96	1320	RES ACLNUD	RD	1	2016	$0	$4,200	$4,200	$0	12/12/2005			21:36:35	468
637	135 MUD TURTLE POND RD	406/  34/  /  / 	  4384/0825	$309,800	$309,800	2	1010	SINGLE FAM MDL01	RD	1	2016	$228,800	$81,000	$309,800	$0	08/28/2018	$30,000	02/24/2006	21:36:38	469
638	132+4 MUD TURTLE POND RD	406/  35/  /  / 	    PC/2003	$403,900	$524,300	57	1090	MULTI HSES	RD	2	2016	$279,300	$245,000	$524,300	$0	01/01/2003			21:36:42	470
645	149 ORFORD RD	407/  6/  /  / 	  4258/0173	$376,700	$376,700	2.1	1010	SINGLE FAM MDL01	RD	1	2016	$243,400	$133,300	$376,700	$376,533	01/19/2017	$135,000	11/03/1988	21:36:45	471
647	31 POST POND LN	407/  8/  /  / 	  1245/0279	$288,800	$332,800	11.6	1013	SFR WATER  MDL-01	RD	1	2016	$30,000	$302,800	$332,800	$0				21:36:49	472
650	47 POST POND LN	407/  11/  /  / 	  3937/0345	$418,900	$418,900	0.39	1013	SFR WATER  MDL-01	RD	1	2016	$183,500	$235,400	$418,900	$0	12/04/2012	$105,333	12/04/2012	21:36:53	473
651	49 POST POND LN	407/  12/  /  / 	  2534/0476	$461,400	$461,400	0.52	1013	SFR WATER  MDL-01	RD	2	2016	$183,300	$278,100	$461,400	$246,000	05/01/2001	$172,500	08/12/1994	21:36:56	474
652	51 POST POND LN	407/  13/  /  / 	  4123/0285	$232,200	$232,200	0.18	1013	SFR WATER  MDL-01	RD	1	2016	$23,900	$208,300	$232,200	$0	04/27/2015	$188,000	04/09/2013	21:37:00	475
654	55 POST POND LN	407/  15/  /  / 	  0794/0476	$376,200	$484,200	50.65	1013	SFR WATER  MDL-01	RD	1	2016	$107,000	$377,200	$484,200	$0	02/04/1998			21:37:04	476
655	57 POST POND LN	407/  16/  /  / 	   PRO/2002	$913,600	$913,600	1.31	1013	SFR WATER  MDL-01	RD	1	2016	$480,400	$433,200	$913,600	$0	01/01/2002	$99,333	08/08/2001	21:37:07	477
656	Problem loading parcel PID 656, Map 407 Lot 17
664	67 POST POND LN	407/  20/  /  / 	  4041/0810	$238,300	$238,300	0.52	1013	SFR WATER  MDL-01	RD	1	2016	$51,900	$186,400	$238,300	$0	02/24/2014	$135,200	01/25/2006	21:37:12	479
667	69 POST POND LN	407/  21/  /  / 	  3495/0085	$152,600	$152,600	0.15	1013	SFR WATER  MDL-01	RD	1	2016	$16,400	$136,200	$152,600	$0	02/22/2008			21:37:14	480
675	62 POST POND LN	407/  23/  /  / 	  4041/0810	$11,300	$52,400	17.04	1320	RES ACLNUD	RD	1	2016	$0	$52,400	$52,400	$0	02/24/2014	$153,524	02/18/1993	21:37:17	481
686	50 POST POND LN	407/  26/  /  / 	  2231/0147	$11,600	$11,600	4.2	9200	NON PROFIT  MDL-00	RD	1	2016	$0	$11,600	$11,600	$0	12/09/1996	$4,000	04/09/1992	21:37:21	482
688	32 POST POND LN	407/  28/  /  / 	  4573/ 833	$50,200	$50,200	0.43	1060	AC LND IMP	RD	1	2016	$2,600	$47,600	$50,200	$50,000	11/10/2020			21:37:23	483
1469	637 DORCHESTER RD (LAND ONLY)	421/  1/  /  / 	 	$75,600	$75,600	0.37	9035	TOWN-PROP	ELD	1	2016	$0	$75,600	$75,600	$0				21:37:26	484
1471	641 DORCHESTER RD	421/  3/  /  / 	  1694/0700	$176,400	$176,400	0.47	1013	SFR WATER  MDL-01	ELD	1	2016	$10,600	$165,800	$176,400	$4,000	08/10/1987	$100	05/10/1937	21:37:30	485
1472	643 DORCHESTER RD	421/  4/  /  / 	  4217/0127	$287,700	$287,700	1.43	1013	SFR WATER  MDL-01	ELD	1	2016	$51,300	$236,400	$287,700	$205,000	06/28/2016			21:37:32	486
1473	645 DORCHESTER RD	421/  5/  /  / 	  4023/0682	$439,900	$484,000	16.14	1013	SFR WATER  MDL-01	ELD	3	2016	$163,200	$320,800	$484,000	$0	11/06/2013	$6,267	12/05/2012	21:37:34	487
1475	651 DORCHESTER RD	421/  7/  /  / 	  4023/0682	$271,400	$306,200	16.32	1013	SFR WATER  MDL-01	ELD	1	2016	$30,600	$275,600	$306,200	$0	11/06/2013	$6,267	12/05/2012	21:37:36	488
1477	658 DORCHESTER RD	421/  9/  /  / 	  3185/0233	$234,100	$234,100	1.91	1010	SINGLE FAM MDL01	ELD	1	2016	$95,100	$139,000	$234,100	$430,000	08/26/2005			21:37:41	489
101182	89 WASHBURN HILL RD	402/  1/  2000/  / 	  4250/0538	$789,800	$789,800	7.92	1010	SINGLE FAM MDL01	RD	1	2016	$457,000	$332,800	$789,800	$250,000	11/23/2016	$50,000	08/24/2015	21:37:42	490
1484	41 OLD DORCHESTER RD	421/  16/  /  / 	  3492/0834	$271,300	$271,300	3.67	1010	SINGLE FAM MDL01	ELD	1	2016	$105,200	$166,100	$271,300	$0	02/15/2008	$20,000	01/04/1997	21:37:44	491
1485	636 DORCHESTER RD	421/  17/  /  / 	  2071/0813	$353,900	$353,900	6.94	1010	SINGLE FAM MDL01	MFD	1	2016	$152,700	$201,200	$353,900	$0	01/08/1993	$121,000	03/05/1990	21:37:46	492
1486	50 OLD DORCHESTER RD	421/  18/  /  / 	  3668/0840	$368,800	$540,000	76.33	1010	SINGLE FAM MDL01	ELD	1	2016	$248,600	$291,400	$540,000	$0	12/14/2009	$96,000	07/30/2009	21:37:50	493
1488	680 DORCHESTER RD	421/  20/  /  / 	  1693/ 809	$11,200	$332,900	222	6233	HWUNR-3	MFD	1	2016	$0	$332,900	$332,900	$0	09/14/1987			21:37:52	494
1489	700 DORCHESTER RD	421/  21/  /  / 	  4616/ 421	$6,400	$459,000	207.33	6213	HWMR-3	MFD	1	2016	$0	$459,000	$459,000	$2,500,000	03/21/2021	$1,125,000	03/19/1999	21:37:55	495
292	294 DARTMOUTH COLLEGE HY	402/  1/  1000/  / 	  2980/0489	$550,500	$945,700	86.00	1010	SINGLE FAM MDL01	RD	3	2016	$376,400	$569,300	$945,700	$0	04/08/2004			21:37:57	496
505	599 RIVER RD	404/  30/  /  / 	  2300/0153	$1,145,800	$1,393,700	29	1013	SFR WATER  MDL-01	RD	1	2016	$704,800	$688,900	$1,393,700	$180,000	02/27/1998	$121,848	12/17/1986	21:38:00	497
83	29 UNION ST	201/  57/  /  / 	  2338/0377	$334,800	$334,800	0.44	1010	SINGLE FAM MDL01	LCD	1	2016	$173,000	$161,800	$334,800	$155,000	08/28/1998	$115,000	03/28/1985	21:38:03	498
171	18 SPRING HILL LN	201/  122/  /  / 	  2253/ 229	$200	$144,500	6.21	6335	OTUNR-5	LCD	1	2016	$0	$144,500	$144,500	$835,000	05/30/1997	$10,000	01/31/1997	21:38:05	499
1099	43 PICO RD	410/  36/  /  / 	  4601/ 508	$432,400	$432,400	6.7	1010	SINGLE FAM MDL01	RD	1	2016	$237,600	$194,800	$432,400	$525,000	02/09/2021	$300,000	01/22/2004	21:38:08	500
100184	85 DARTMOUTH COLLEGE HY #7010	401/  55/  701/  / 	  2729/0980	$349,600	$349,600	0.00	3401	OFF CONDO  MDL-06	BD	1	2016	$349,600	$0	$349,600	$70,000	10/25/2002	$153,000	10/09/1998	21:38:11	501
194	8 GOODELL LN	401/  9/  /  / 	  4519/ 352	$100	$22,300	2.7	6324	OTUN-4	RD	1	2016	$0	$22,300	$22,300	$69,000	05/14/2020			21:38:14	502
100202	345 GRAFTON TK	422/  1/  /  / 	  3759/0955	$20,600	$848,400	752	6312	OTMR-2	MFD	1	2016	$0	$848,400	$848,400	$9,013,533	12/17/2010			21:38:16	503
100222	226 ORFORD RD	407/  56/  2000/  / 	  3522/0988	$2,400	$208,600	5.61	6506	FARM-6	RD	1	2016	$0	$208,600	$208,600	$125,000	06/03/2008	$230,000	09/29/1997	21:38:19	504
100242	Problem loading parcel PID 100242, Map 407 Lot 56.3
100262	215 ORFORD RD	407/  53/  1000/  / 	  2345/0290	$1,008,600	$1,084,600	14.9	1010	SINGLE FAM MDL01	RD	1	2016	$826,700	$257,900	$1,084,600	$115,000	09/30/1998	$230,000	09/29/1997	21:38:26	506
1243	321 DORCHESTER RD	414/  25/  /  / 	  4232/0263	$3,400	$299,900	29	6235	HWUNR-5	RD	1	2016	$0	$299,900	$299,900	$0	09/06/2016			21:38:29	507
1046	150 DORCHESTER RD	409/  91/  /  / 	  4299/0501	$259,300	$259,300	1.5	1010	SINGLE FAM MDL01		1	2016	$128,000	$131,300	$259,300	$165,000	07/24/2017	$195,000	11/22/2010	21:38:31	508
1069	180 BAKER HILL RD	410/  10/  2000/  / 	  4040/0205	$1,600	$180,000	12	6515	FARMR-5	RD	1	2016	$0	$180,000	$180,000	$0	02/10/2014	$60,300	06/16/2000	21:38:35	509
1071	159 BAKER HILL RD	410/  12/  /  / 	  4513/ 311	$635,400	$635,400	2.26	1010	SINGLE FAM MDL01	RD	1	2016	$496,200	$139,200	$635,400	$0	04/30/2020	$385,000	08/26/2005	21:38:37	510
1076	15 BAILEY HILL LN	410/  13/  2000/  / 	  3765/0361	$5,300	$220,200	34.1	6515	FARMR-5	RD	1	2016	$0	$220,200	$220,200	$0	01/05/2011	$60,300	06/16/2000	21:38:40	511
1079	101 BEAR HILL LN	410/  16/  /  / 	  3869/0217	$100	$66,800	1.8	6133	WPUNR-3	RD	1	2016	$0	$66,800	$66,800	$0	03/15/2012	$37,000	04/26/2002	21:38:43	512
978	2 ACORN HILL RD	409/  31/  /  / 	  4439/ 910	$160,200	$160,200	1.1	1010	SINGLE FAM MDL01	RD	1	2016	$26,100	$134,100	$160,200	$141,000	06/03/2019	$135,000	10/31/2008	21:38:45	513
100422	85 DARTMOUTH COLLEGE HY #2010	401/  55/  201/  / 	  4562/ 293	$451,200	$451,200	0.00	1021	CONDO NL  MDL-05	BD	2	2016	$451,200	$0	$451,200	$500,000	10/06/2020	$445,000	09/09/2013	21:38:47	514
100442	85 DARTMOUTH COLLEGE HY #2020	401/  55/  202/  / 	  4229/0041	$387,700	$387,700	0	1021	CONDO NL  MDL-05		1	2016	$387,700	$0	$387,700	$380,000	08/19/2016	$305,000	08/25/2011	21:38:50	515
1199	10 CANAAN LEDGE LN	413/  26/  /  / 	  4092/0766	$258,300	$258,300	2.1	1010	SINGLE FAM MDL01	ELD	1	2016	$119,800	$138,500	$258,300	$220,000	11/05/2014	$126,500	06/20/2000	21:38:53	516
100463	85 DARTMOUTH COLLEGE HY #2040	401/  55/  204/  / 	  4391/0802	$398,200	$398,200	0	1021	CONDO NL  MDL-05	BD	1	2016	$398,200	$0	$398,200	$0	10/01/2018	$425,000	06/18/2007	21:38:54	517
1196	18 CANAAN LEDGE LN	413/  23/  /  / 	  4516/ 908	$494,300	$494,300	2.2	1010	SINGLE FAM MDL01		1	2016	$325,600	$168,700	$494,300	$525,000	05/04/2020	$555,000	06/28/2017	21:38:57	518
100482	85 DARTMOUTH COLLEGE HY #4030	401/  55/  403/  / 	002845/0315	$212,900	$212,900	0.00	1021	CONDO NL  MDL-05	BD	1	2016	$212,900	$0	$212,900	$197,533	06/30/2003	$135,000	05/27/1999	21:38:59	519
1200	6 CANAAN LEDGE LN	413/  27/  /  / 	  4249/0469	$296,500	$296,500	2	1010	SINGLE FAM MDL01	ELD	1	2016	$165,800	$130,700	$296,500	$252,500	11/18/2016	$129,000	11/18/1999	21:39:03	520
100522	85 DARTMOUTH COLLEGE HY #5010	401/  55/  501/  / 	  4430/0449	$184,400	$184,400	0.00	1021	CONDO NL  MDL-05	BD	1	2016	$184,400	$0	$184,400	$195,000	05/02/2019	$166,533	06/20/2003	21:39:05	521
100523	85 DARTMOUTH COLLEGE HY #5020	401/  55/  502/  / 	  4570/ 692	$332,100	$332,100	0.00	1021	CONDO NL  MDL-05	BD	1	2016	$332,100	$0	$332,100	$339,000	11/02/2020	$295,000	05/19/2015	21:39:07	522
1214	57 POUT POND LN	414/  8/  /  / 	  3896/0042	$200	$33,200	5.03	6334	OTUNR-4	RD	1	2016	$0	$33,200	$33,200	$675,000	07/03/2012	$65,000	04/30/1999	21:39:10	523
1229	67 SMITH MOUNTAIN RD	414/  16/  /  / 	  2404/0604	$65,100	$111,900	11.30	1010	SINGLE FAM MDL01	RD	1	2016	$31,900	$80,000	$111,900	$10,000	06/18/1999			21:39:13	524
100602	64 BRECK HILL RD	405/  48/  /  / 	  3609/0957	$2,100	$92,900	14.82	6136	WPUNR-6	RD	1	2016	$0	$92,900	$92,900	$630,000	05/19/2009	$37,050	09/01/1988	21:39:15	525
100662	100 ORFORDVILLE RD	417/  6/  2000/  / 	  4182/  49	$2,600	$354,300	44.55	6326	OTUN-6	RD	1	2016	$0	$354,300	$354,300	$440,000	12/23/2015	$200,000	10/02/1997	21:39:17	526
100722	5 WILMOTT WY	401/  58/  /  / 	  3989/0082	$536,300	$536,300	1.7	1010	SINGLE FAM MDL01	RD	1	2016	$359,600	$176,700	$536,300	$440,000	06/20/2013	$172,533	07/22/2005	21:39:20	527
659	65 POST POND LN	407/  19/  /  / 	  4041/0810	$13,900	$13,900	0.17	1320	RES ACLNUD	RD	1	2016	$0	$13,900	$13,900	$0	02/24/2014	$5,050	07/18/1988	21:39:24	528
100742	19 MAPLE LN	402/  44/  /  / 	  3167/0671	$893,400	$991,300	15.00	1080	SFR/ACC UNIT	RD	1	2016	$674,200	$317,100	$991,300	$0	07/13/2005	$222,533	05/28/2003	21:39:27	529
1100	14 CLAFLIN LN	410/  37/  /  / 	4040-0211	$400	$23,100	8.4	6335	OTUNR-5	RD	1	2016	$0	$23,100	$23,100	$0	02/10/2014	$125,000	01/28/2000	21:39:30	530
100263	78 NORTH THETFORD RD	404/  50/  /  / 	  3807/0462	$812,100	$812,100	8.63	1010	SINGLE FAM MDL01	RD	1	2016	$609,800	$202,300	$812,100	$555,000	07/20/2011	$585,000	07/01/2003	21:39:32	531
1169	137 GRAFTON TK	413/  5/  /  / 	  4371/0696	$718,300	$780,000	13.9	1010	SINGLE FAM MDL01	ELD	1	2016	$527,000	$253,000	$780,000	$0	07/02/2018	$189,000	06/11/1999	21:39:36	532
1103	75 PICO RD	410/  40/  /  / 	  3950/0049	$3,100	$353,700	39.3	6335	OTUNR-5	RD	1	2016	$0	$353,700	$353,700	$82,500	01/24/2013	$189,000	07/05/2011	21:39:40	533
1120	293 BAKER HILL RD	410/  57/  /  / 	  3456/0827	$534,200	$602,700	24.00	1010	SINGLE FAM MDL01	RD	1	2016	$370,500	$232,200	$602,700	$500,000	10/09/2007	$210,000	07/27/2000	21:39:43	534
653	53 POST POND LN	407/  14/  /  / 	  2426/0202	$330,900	$330,900	0.46	1013	SFR WATER  MDL-01		1	2016	$68,500	$262,400	$330,900	$125,000	10/15/1999	$35,000	08/09/1993	21:39:46	535
673	72 POST POND LN	407/  22/  /  / 	  4241/0173	$295,200	$326,100	12.71	1013	SFR WATER  MDL-01		1	2016	$41,500	$284,600	$326,100	$240,000	10/14/2016	$155,000	05/28/2002	21:39:49	536
389	123 RIVER RD	402/  91/  /  / 	  3763/0577	$380,400	$380,400	0.34	1010	SINGLE FAM MDL01	RD	1	2016	$267,800	$112,600	$380,400	$36,600	12/30/2010	$54,500	09/10/1999	21:39:51	537
433	301 RIVER RD	403/  16/  /  / 	  2423/0460	$167,600	$167,600	0.14	1013	SFR WATER  MDL-01	RD	1	2016	$39,900	$127,700	$167,600	$32,500	09/27/1999			21:39:52	538
439	323 RIVER RD	403/  22/  /  / 	PRO-00342	$6,400	$6,400	0.38	1320	RES ACLNUD	RD	1	2016	$0	$6,400	$6,400	$0	05/30/2012	$8,000	06/18/1999	21:39:56	539
449	39 LAMPHIRE HILL LN	403/  32/  /  / 	  4507/ 562	$219,900	$219,900	3.5	1010	SINGLE FAM MDL01	RD	1	2016	$31,600	$188,300	$219,900	$0	03/23/2020	$123,000	08/14/2000	21:40:00	540
489	530 RIVER RD	404/  14/  /  / 	  4425/0984	$468,000	$468,000	0.86	1013	SFR WATER  MDL-01	RD	1	2016	$214,300	$253,700	$468,000	$473,000	04/09/2019	$389,933	02/04/2015	21:40:01	541
491	522 RIVER RD	404/  16/  /  / 	  4471/ 958	$635,600	$1,021,800	103	1010	SINGLE FAM MDL01	RD	1	2016	$377,500	$644,300	$1,021,800	$500,000	10/09/2019	$4,000	01/12/1996	21:40:05	542
511	9 GREGORY RD	404/  36/  /  / 	  2497/0846	$408,600	$408,600	2.5	1010	SINGLE FAM MDL01	RD	1	2016	$196,100	$212,500	$408,600	$113,000	11/03/2000			21:40:08	543
335	12 MAPLE LN	402/  41/  /  / 	  3871/0366	$287,800	$287,800	2.7	1010	SINGLE FAM MDL01	RD	1	2016	$130,700	$157,100	$287,800	$1	03/23/2012	$177,000	05/31/2002	21:40:11	544
337	17 MAPLE LN	402/  43/  /  / 	  4414/0124	$827,800	$827,800	3.00	1090	MULTI HSES	RD	2	2016	$630,400	$197,400	$827,800	$875,000	01/29/2019	$735,000	06/16/2011	21:40:13	545
347	163 DARTMOUTH COLLEGE HY	402/  52/  /  / 	  3519/0397	$27,400	$302,300	31.00	1060	AC LND IMP	RD	1	2016	$8,800	$293,500	$302,300	$300,000	05/20/2008			21:40:16	546
350	199 DARTMOUTH COLLEGE HY	402/  55/  /  / 	  3767/0941	$52,200	$52,200	15.8	9200	NON PROFIT  MDL-00	RD	1	2016	$0	$52,200	$52,200	$0	01/10/2011	$35,000	12/03/1999	21:40:19	547
379	130 RIVER RD	402/  81/  /  / 	  3931/0669	$178,600	$178,600	1	1030	MOBILE HOM  MDL-02	RD	1	2016	$60,600	$118,000	$178,600	$0	11/09/2012	$125,000	07/20/2012	21:40:23	548
383	96 RIVER RD	401/  79/  /  / 	  4102/0209	$5,000	$376,700	76	6235	HWUNR-5	RD	1	2016	$0	$376,700	$376,700	$200,000	12/19/2014			21:40:25	549
208	47 GOOSE POND RD	401/  19/  /  / 	  2430/0042	$323,000	$323,000	1.2	1010	SINGLE FAM MDL01	RD	1	2016	$180,600	$142,400	$323,000	$0	11/02/1999	$12,000	08/26/1966	21:40:28	550
222	5 PELTON LN	401/  26/  /  / 	  2421/0725	$437,800	$437,800	5.05	1010	SINGLE FAM MDL01	RD	1	2016	$269,100	$168,700	$437,800	$227,500	09/28/1999	$46,000	10/10/1995	21:40:30	551
102691	42 HARDSCRABBLE LN	415/  10/  /  / 	  4573/ 775	$1,082,900	$1,214,700	35	1010	SINGLE FAM MDL01	RD	1	2016	$791,100	$423,600	$1,214,700	$0	11/10/2020			21:40:33	552
1061	216 BAKER HILL RD	410/  6/  /  / 	  3971/0540	$326,400	$326,400	7.9	1061	ACESRYBLDG  MDL-01	RD	1	2016	$132,200	$194,200	$326,400	$0	04/18/2013	$320,000	02/02/2009	21:40:35	553
1064	190 BAKER HILL RD	410/  9/  1000/  / 	  2895/0200	$692,200	$1,013,200	55.4	1010	SINGLE FAM MDL01	RD	1	2016	$536,700	$476,500	$1,013,200	$850,000	09/22/2003	$112,942	11/03/1989	21:40:37	554
1068	172 BAKER HILL RD	410/  10/  1000/  / 	  4188/ 546	$813,500	$956,900	40.52	1010	SINGLE FAM MDL01	RD	1	2016	$620,900	$336,000	$956,900	$0	12/23/2015	$490,000	08/12/1996	21:40:40	555
325	204 DARTMOUTH COLLEGE HY	402/  31/  /  / 	  2338/0366	$1,001,800	$1,001,800	5.9	3560	PROF ASSOC	RD	1	2016	$750,700	$251,100	$1,001,800	$150,000	08/26/1998	$77,500	05/09/1997	21:40:44	556
795	121 PINNACLE RD	407/  104/  /  / 	  1475/0329	$397,200	$397,200	3.3	1010	SINGLE FAM MDL01	RD	1	2016	$236,000	$161,200	$397,200	$0				21:40:48	557
796	153 PINNACLE RD	407/  106/  /  / 	  2211/0032	$149,500	$149,500	0.32	1010	SINGLE FAM MDL01	RD	1	2016	$55,500	$94,000	$149,500	$0	08/05/1996	$4,000	12/14/1994	21:40:50	558
797	1 ORFORDVILLE RD	407/  107/  /  / 	  4074/0134	$743,600	$743,600	5.1	1080	SFR/ACC UNIT	RD	1	2016	$535,400	$208,200	$743,600	$440,000	08/04/2014			21:40:53	559
798	11 ORFORDVILLE RD	407/  108/  /  / 	  3834/0242	$154,000	$462,500	183	1060	AC LND IMP	RD	1	2016	$5,400	$457,100	$462,500	$100,000	11/10/2011			21:40:56	560
801	92 HIGHBRIDGE RD	407/  111/  /  / 	  2572/0510	$611,500	$1,074,800	107.82	1010	SINGLE FAM MDL01	RD	1	2016	$395,700	$679,100	$1,074,800	$260,000	07/23/2001	$100,000	04/29/1992	21:40:59	561
334	114 RIVER RD	402/  40/  /  / 	  2095/0244	$635,200	$778,000	68.9	1010	SINGLE FAM MDL01	RD	1	2016	$459,600	$318,400	$778,000	$110,000	06/15/1994	$50,000	12/31/1973	21:41:01	562
336	11 MAPLE LN	402/  42/  /  / 	  1614/0099	$369,000	$369,000	3.4	1010	SINGLE FAM MDL01	RD	1	2016	$210,700	$158,300	$369,000	$26,000	08/13/1986			21:41:05	563
339	48 SHOESTRAP RD	402/  45/  /  / 	  3804/0607	$293,300	$293,300	0.95	1010	SINGLE FAM MDL01	RD	1	2016	$153,000	$140,300	$293,300	$289,000	07/07/2011	$250,000	03/02/2007	21:41:06	564
340	38 SHOESTRAP RD	402/  46/  /  / 	  2328/0597	$588,200	$588,200	7.4	1010	SINGLE FAM MDL01	RD	1	2016	$389,200	$199,000	$588,200	$310,000	07/14/1998	$180,000	07/07/1989	21:41:08	565
341	30 SHOESTRAP RD	402/  47/  /  / 	  4497/ 852	$309,300	$309,300	0.34	1090	MULTI HSES	RD	2	2016	$185,500	$123,800	$309,300	$280,000	01/30/2020			21:41:11	566
343	28 SHOESTRAP RD	402/  48/  /  / 	  4060/0082	$435,600	$435,600	7	1010	SINGLE FAM MDL01		1	2016	$238,400	$197,200	$435,600	$385,000	06/04/2014	$287,000	01/22/2003	21:41:14	567
344	16 SHOESTRAP RD	402/  49/  /  / 	002772/0322	$375,000	$770,000	93.00	1010	SINGLE FAM MDL01	RD	1	2016	$265,500	$504,500	$770,000	$0	11/18/2002			21:41:16	568
345	2 SHOESTRAP RD	402/  50/  /  / 	  4120/0788	$441,600	$441,600	3.78	1010	SINGLE FAM MDL01	RD	1	2016	$288,300	$153,300	$441,600	$274,000	04/13/2015	$13,000	07/06/1959	21:41:17	569
346	155 DARTMOUTH COLLEGE HY	402/  51/  /  / 	  3150/0794	$416,100	$416,100	0.87	904C	PRI SCHOOL  MDL-94	RD	1	2016	$256,900	$159,200	$416,100	$100,000	06/10/2005	$30,000	08/30/2002	21:41:21	570
355	215 DARTMOUTH COLLEGE HY	402/  57/  /  / 	  2440/0567	$330,300	$330,300	122.4	9200	NON PROFIT  MDL-00	RD	1	2016	$0	$330,300	$330,300	$0	07/30/1999	$6,476	08/11/1992	21:41:23	571
348	173 DARTMOUTH COLLEGE HY	402/  53/  /  / 	  3545/0975	$436,800	$436,800	3.18	1010	SINGLE FAM MDL01	RD	1	2016	$287,400	$149,400	$436,800	$0	08/29/2008	$251,000	10/30/2003	21:41:25	572
349	183 DARTMOUTH COLLEGE HY	402/  54/  /  / 	  1946/0430	$102,600	$102,600	37.3	9200	NON PROFIT  MDL-00	RD	1	2016	$0	$102,600	$102,600	$4,000	12/31/1991			21:41:26	573
100542	85 DARTMOUTH COLLEGE HY #6010	401/  55/  601/  / 	  2619/0495	$473,800	$473,800	0.00	1021	CONDO NL  MDL-05	BD	1	2016	$473,800	$0	$473,800	$336,000	01/03/2002	$326,500	12/19/2000	21:41:30	574
351	211 DARTMOUTH COLLEGE HY	402/  56/  /  / 	 00302/0580	$433,600	$433,600	3.1	1010	SINGLE FAM MDL01	RD	1	2016	$284,700	$148,900	$433,600	$510,000	07/10/2006	$220,000	04/17/1996	21:41:33	575
100543	85 DARTMOUTH COLLEGE HY #8010	401/  55/  801/  / 	  4385/0646	$543,400	$543,400	0.00	1021	CONDO NL  MDL-05	BD	1	2016	$543,400	$0	$543,400	$500,000	08/31/2018	$470,000	02/14/2003	21:41:37	576
100562	85 DARTMOUTH COLLEGE HY #9010	401/  55/  901/  / 	  4281/0681	$427,400	$427,400	0.00	1021	CONDO NL  MDL-05	BD	2	2016	$427,400	$0	$427,400	$399,000	05/03/2017	$392,000	10/01/2003	21:41:41	577
100563	85 DARTMOUTH COLLEGE HY #9020	401/  55/  902/  / 	  4366/0325	$340,300	$340,300	0.00	1021	CONDO NL  MDL-05	BD	1	2016	$340,300	$0	$340,300	$359,000	06/11/2018	$295,000	07/15/2014	21:41:43	578
1127	239 GOOSE POND RD	410/  64/  /  / 	  1467/0966	$161,600	$345,800	30	1060	AC LND IMP	RD	1	2016	$41,400	$304,400	$345,800	$0	04/04/1983			21:41:45	579
1129	97 PICO RD	410/  66/  /  / 	  4040/0176	$100	$107,900	3.6	6335	OTUNR-5	RD	1	2016	$0	$107,900	$107,900	$0	02/10/2014			21:41:46	580
1131	252 GOOSE POND RD	410/  68/  /  / 	  3664/0236	$173,300	$392,300	64.37	1010	SINGLE FAM MDL01	RD	1	2016	$54,200	$338,100	$392,300	$320,000	11/23/2009	$5,500	07/03/1964	21:41:49	581
1132	240 GOOSE POND RD	410/  69/  /  / 	  1467/0966	$689,000	$1,059,700	79	1010	SINGLE FAM MDL01	RD	1	2016	$525,100	$534,600	$1,059,700	$0	04/04/1983			21:41:53	582
1133	216 GOOSE POND RD	410/  70/  /  / 	  3785/0429	$232,500	$232,500	6.7	1010	SINGLE FAM MDL01	RD	1	2016	$121,200	$111,300	$232,500	$175,500	04/08/2011	$92,000	09/03/1996	21:41:56	583
1137	176 GOOSE POND RD	410/  74/  /  / 	  1553/0914	$101,500	$101,500	0.6	1030	MOBILE HOM  MDL-02	RD	1	2016	$26,500	$75,000	$101,500	$25,000	07/23/1985			21:41:57	584
1138	174 GOOSE POND RD	410/  75/  /  / 	  3569/0737	$86,500	$86,500	0.17	1010	SINGLE FAM MDL01	RD	1	2016	$40,000	$46,500	$86,500	$139,000	12/09/2008			21:42:00	585
1140	321 BAKER HILL RD	410/  77/  /  / 	  4178/ 499	$418,900	$418,900	2.89	1010	SINGLE FAM MDL01	RD	1	2016	$275,600	$143,300	$418,900	$0	12/15/2015	$288,000	01/15/2004	21:42:04	586
1141	327 BAKER HILL RD	410/  78/  /  / 	  4178/ 499	$3,300	$3,300	0.76	1320	RES ACLNUD	RD	1	2016	$0	$3,300	$3,300	$0	12/15/2015	$288,000	01/15/2004	21:42:07	587
1142	331 BAKER HILL RD	410/  79/  /  / 	  3991/0369	$220,100	$220,100	7.9	1030	MOBILE HOM  MDL-02	RD	1	2016	$68,200	$151,900	$220,100	$146,000	06/28/2013	$25,000	05/31/2012	21:42:10	588
1144	347 BAKER HILL RD	410/  80/  /  / 	  4528/ 957	$535,800	$684,000	40.8	1010	SINGLE FAM MDL01	RD	1	2016	$384,800	$299,200	$684,000	$606,700	06/19/2020	$526,000	11/14/2017	21:42:12	589
1149	311 GOOSE POND RD	411/  4/  /  / 	002672/0796	$335,600	$441,600	24	1010	SINGLE FAM MDL01	RD	1	2016	$165,700	$275,900	$441,600	$2,666	05/24/2002	$184,000	07/15/1997	21:42:16	590
1150	333 GOOSE POND RD	411/  5/  /  / 	  4445/ 491	$385,800	$385,800	7.4	1010	SINGLE FAM MDL01	RD	1	2016	$195,100	$190,700	$385,800	$375,000	06/25/2019	$360,000	12/17/2010	21:42:19	591
850	88 POST POND LN	408/  13/  /  / 	 	$185,700	$185,700	0.31	1013	SFR WATER  MDL-01	RD	1	2016	$33,500	$152,200	$185,700	$0				21:42:21	592
851	86 POST POND LN	408/  14/  /  / 	 	$48,000	$158,000	36	1060	AC LND IMP	RD	1	2016	$1,500	$156,500	$158,000	$0				21:42:25	593
852	108 POST POND LN	408/  15/  /  / 	  3497/0908	$174,600	$174,600	0.20	1013	SFR WATER  MDL-01	RD	1	2016	$35,100	$139,500	$174,600	$107,000	03/11/2008			21:42:28	594
853	110 POST POND LN	408/  16/  /  / 	  3231/0744	$204,500	$204,500	0.15	1013	SFR WATER  MDL-01	RD	1	2016	$79,000	$125,500	$204,500	$0	12/06/2005			21:42:32	595
854	Problem loading parcel PID 854, Map 408 Lot 17
855	114 POST POND LN	408/  18/  /  / 	  4576/ 498	$171,600	$171,600	0.25	1013	SFR WATER  MDL-01	RD	1	2016	$42,800	$128,800	$171,600	$175,000	11/18/2020	$45,000	06/27/1997	21:42:38	597
858	60 MASA MOREY LN	408/  21/  /  / 	  4383/0491	$8,700	$290,600	38.5	6516	FARMR-6	RD	1	2016	$0	$290,600	$290,600	$400,000	08/23/2018			21:42:41	598
860	42 ORFORD RD	408/  23/  /  / 	  3651/0923	$7,000	$422,400	76.4	6234	HWUNR-4	RD	1	2016	$0	$422,400	$422,400	$0	09/28/2009			21:42:42	599
861	24 ORFORD RD	408/  24/  /  / 	  1965/0976	$342,600	$342,600	1.6	1010	SINGLE FAM MDL01	RD	1	2016	$203,600	$139,000	$342,600	$0	05/11/1992	$19,000	06/12/1972	21:42:46	600
862	16 ORFORD RD	408/  25/  /  / 	  1557/0186	$1,048,600	$1,048,600	8.97	920C	NON PROFIT  MDL-94	RD	1	2016	$714,500	$334,100	$1,048,600	$0				21:42:49	601
863	21 SPRING HILL LN	408/  26/  /  / 	  2253/ 229	$300	$165,600	8.84	6335	OTUNR-5	RD	1	2016	$0	$165,600	$165,600	$835,000	05/30/1997	$10,000	01/31/1997	21:42:52	602
864	24 SPRING HILL LN	408/  27/  /  / 	  2253/ 229	$300	$156,600	8.74	6335	OTUNR-5	LCD	1	2016	$0	$156,600	$156,600	$835,000	05/30/1997	$10,000	01/31/1997	21:42:56	603
865	60 SPRING HILL LN	408/  28/  /  / 	  2253/ 229	$1,142,000	$1,281,600	43.79	1010	SINGLE FAM MDL01	RD	1	2016	$913,800	$367,800	$1,281,600	$835,000	05/30/1997	$100,000	10/12/1989	21:42:59	604
867	60 ROCKY HILL LN	408/  29/  /  / 	  3826/0809	$1,744,200	$1,920,700	42.50	1090	MULTI HSES	RD	3	2016	$1,112,100	$808,600	$1,920,700	$1,500,000	10/13/2011	$925,048	08/14/1991	21:43:02	605
868	45 DORCHESTER RD	408/  30/  /  / 	  3522/0112	$491,800	$583,600	25.95	1010	SINGLE FAM MDL01	LCD	1	2016	$314,000	$269,600	$583,600	$595,000	05/30/2008	$240,000	06/10/1986	21:43:05	606
869	53 DORCHESTER RD	408/  31/  /  / 	  4583/ 897	$365,300	$365,300	4.29	1010	SINGLE FAM MDL01	LCD	1	2016	$209,700	$155,600	$365,300	$0	12/11/2020	$4,000	12/29/1987	21:43:07	607
871	61 DORCHESTER RD	408/  33/  /  / 	  4199/0453	$548,600	$548,600	7.7	1010	SINGLE FAM MDL01	RD	1	2016	$367,100	$181,500	$548,600	$0	04/13/2016	$55,895	12/06/1989	21:43:10	608
872	63 DORCHESTER RD	408/  34/  /  / 	  2090/0463	$600,600	$687,200	20.20	1090	MULTI HSES	RD	2	2016	$397,900	$289,300	$687,200	$240,000	05/10/1994	$40,000	12/22/1987	21:43:14	609
873	30 CITADEL LN	408/  35/  /  / 	  4253/0813	$841,100	$1,313,300	141.00	1090	MULTI HSES	RD	3	2016	$525,300	$788,000	$1,313,300	$825,000	01/19/2017			21:43:15	610
874	18 CITADEL LN	408/  36/  /  / 	  4593/  84	$446,700	$446,700	9.4	1010	SINGLE FAM MDL01	RD	1	2016	$146,500	$300,200	$446,700	$0	01/11/2021	$394,000	07/24/2019	21:43:17	611
876	57 FRANKLIN HILL RD	408/  38/  /  / 	  4406/03301	$451,400	$540,400	16.85	1010	SINGLE FAM MDL01	RD	1	2016	$187,900	$352,500	$540,400	$425,000	12/11/2018			21:43:19	612
878	83 FRANKLIN HILL RD	408/  40/  /  / 	  4526/ 612	$662,000	$791,700	16	1010	SINGLE FAM MDL01	RD	1	2016	$325,900	$465,800	$791,700	$500,000	06/11/2020	$285,000	07/18/1996	21:43:21	613
879	7 HORTON LN	408/  41/  /  / 	  1090/0175	$348,000	$401,600	14.9	1010	SINGLE FAM MDL01	RD	1	2016	$183,200	$218,400	$401,600	$0				21:43:23	614
880	11 HORTON LN	408/  42/  /  / 	  4217/0999	$566,000	$608,700	11.69	1010	SINGLE FAM MDL01		1	2016	$384,400	$224,300	$608,700	$0	06/29/2016	$170,000	12/30/2014	21:43:25	615
100265	207 ORFORD RD	407/  53/  2000/  / 	  4385/0342	$635,000	$635,000	6.87	1010	SINGLE FAM MDL01		1	2016	$431,900	$203,100	$635,000	$520,000	08/30/2018	$115,000	04/29/2004	21:43:29	616
100302	54 BAKER HILL RD	409/  81/  /  / 	  3719/0681	$469,900	$469,900	4.13	1010	SINGLE FAM MDL01	SFR	1	2016	$263,600	$206,300	$469,900	$379,000	07/30/2010	$62,000	05/17/1993	21:43:33	617
959	173 DORCHESTER RD	409/  12/  2000/  / 	  3700/0590	$320,900	$320,900	0.34	1010	SINGLE FAM MDL01	LCD	1	2016	$208,300	$112,600	$320,900	$120,000	05/12/2010	$12,381	08/17/1993	21:43:36	618
326	188 DARTMOUTH COLLEGE HY	402/  32/  /  / 	002827/0527	$507,900	$507,900	2.26	1090	MULTI HSES		2	2016	$327,800	$180,100	$507,900	$474,000	05/29/2003	$248,400	10/03/2002	21:43:39	619
327	180 DARTMOUTH COLLEGE HY	402/  33/  /  / 	  4283/0905	$397,600	$397,600	4.3	1010	SINGLE FAM MDL01	RD	1	2016	$244,400	$153,200	$397,600	$105,000	05/15/2017	$110,000	03/28/2014	21:43:41	620
328	174 DARTMOUTH COLLEGE HY	402/  34/  /  / 	  4519/0079	$339,800	$339,800	2.9	1010	SINGLE FAM MDL01	RD	2	2016	$178,800	$161,000	$339,800	$0	05/13/2020	$369,000	11/21/2018	21:43:46	621
329	166 DARTMOUTH COLLEGE HY	402/  35/  /  / 	  3489/0943	$224,000	$224,000	0.47	1010	SINGLE FAM MDL01	RD	1	2016	$130,800	$93,200	$224,000	$200,000	02/08/2008	$125,000	12/07/2006	21:43:48	622
330	156 DARTMOUTH COLLEGE HY	402/  36/  /  / 	  1750/ 617	$362,000	$429,200	13.9	1010	SINGLE FAM MDL01		1	2016	$228,000	$201,200	$429,200	$48,839	07/15/1988			21:43:51	623
331	150 DARTMOUTH COLLEGE HY	402/  37/  /  / 	  2976/0847	$194,300	$194,300	1.5	1010	SINGLE FAM MDL01	RD	1	2016	$62,500	$131,800	$194,300	$0	04/05/2004	$10,000	03/01/2004	21:43:52	624
333	39 SHOESTRAP RD (OLD DUMP)	402/  39/  /  / 	 	$15,700	$15,700	1.8	9035	TOWN-PROP	RD	1	2016	$0	$15,700	$15,700	$0				21:43:54	625
1151	349 GOOSE POND RD	411/  6/  /  / 	  1448/0590	$347,500	$347,500	135	9000	US GOVT	RD	1	2016	$0	$347,500	$347,500	$0				21:43:57	626
1152	371 GOOSE POND RD	411/  7/  /  / 	 	$4,800	$311,600	59.98	6334	OTUNR-4	RD	1	2016	$0	$311,600	$311,600	$0				21:44:01	627
1154	354 GOOSE POND RD	411/  9/  /  / 	  1418/0867	$100,400	$100,400	5.4	9000	US GOVT	RD	1	2016	$0	$100,400	$100,400	$0				21:44:03	628
1155	334 GOOSE POND RD	411/  10/  /  / 	  3765/0365	$1,100	$217,300	17	6235	HWUNR-5	RD	1	2016	$0	$217,300	$217,300	$0	01/06/2011			21:44:06	629
1156	322 GOOSE POND RD	411/  11/  /  / 	  4123/0285	$492,800	$564,700	15	1010	SINGLE FAM MDL01	RD	1	2016	$343,100	$221,600	$564,700	$0	04/27/2015	$20,500	09/23/1977	21:44:10	630
1157	310 GOOSE POND RD	411/  12/  /  / 	  2549/0310	$202,200	$255,400	11.3	1010	SINGLE FAM MDL01	RD	1	2016	$77,200	$178,200	$255,400	$0	05/29/2001			21:44:13	631
1158	290 GOOSE POND RD	411/  13/  /  / 	  4182/ 565	$4,400	$304,500	37	6135	WPUNR-5	RD	1	2016	$0	$304,500	$304,500	$325,000	01/06/2016	$200,000	06/20/2006	21:44:16	632
1163	330 GRAFTON TK	412/  2/  /  / 	  4263/0357	$3,600	$205,000	55	6235	HWUNR-5	MFD	1	2016	$0	$205,000	$205,000	$0	01/17/2017			21:44:17	633
1164	280 GRAFTON TK	412/  3/  /  / 	  3848/0046	$102,500	$2,792,500	2076	6335	OTUNR-5	MFD	1	2016	$0	$2,792,500	$2,792,500	$0	12/30/2011	$2,150,000	09/06/2006	21:44:20	634
1166	107 GRAFTON TK	413/  2/  /  / 	  2325/0588	$337,300	$337,300	7	1010	SINGLE FAM MDL01	ELD	1	2016	$182,400	$154,900	$337,300	$85,000	07/01/1998			21:44:22	635
1167	117 GRAFTON TK	413/  3/  /  / 	  1459/0219	$296,600	$296,600	5.8	1010	SINGLE FAM MDL01	ELD	1	2016	$154,000	$142,600	$296,600	$0				21:44:24	636
1170	139 GRAFTON TK	413/  6/  /  / 	  1661/ 695	$433,300	$561,400	27.3	1010	SINGLE FAM MDL01	ELD	1	2016	$261,600	$299,800	$561,400	$100,000	04/16/1987			21:44:28	637
1173	210 GRAFTON TPK	413/  9/  /  / 	  1397/0757	$188,800	$323,100	66	1010	SINGLE FAM MDL01	ELD	1	2016	$58,600	$264,500	$323,100	$0				21:44:30	638
1177	21 TYLER HILL RD	413/  10/  /  / 	  4068/ 0339	$13,700	$324,600	286	6232	HWUNR-2	MFD	1	2016	$0	$324,600	$324,600	$257,467	07/07/2014			21:44:33	639
954	167 DORCHESTER RD	409/  10/  /  / 	  3294/0105	$290,800	$290,800	0.82	1010	SINGLE FAM MDL01		1	2016	$134,700	$156,100	$290,800	$0	06/08/2006	$120,000	09/13/1996	21:44:36	640
955	169 DORCHESTER RD	409/  11/  /  / 	  3566/0834	$216,000	$216,000	0.6	1010	SINGLE FAM MDL01	LCD	1	2016	$91,100	$124,900	$216,000	$0	11/21/2008	$100	01/18/1965	21:44:39	641
958	171 DORCHESTER RD	409/  12/  1000/  / 	  3894/0396	$420,200	$420,200	0.45	1010	SINGLE FAM MDL01	LCD	1	2016	$311,600	$108,600	$420,200	$390,000	06/26/2012	$160,000	04/30/2010	21:44:42	642
782	37+51 PINNACLE RD	407/  96/  1100/  / 	  2144/0358	$1,053,200	$1,168,500	43.10	1060	AC LND IMP	RD	2	2016	$813,800	$354,700	$1,168,500	$177,000	06/05/1995	$158,000	01/16/1986	21:44:44	643
783	45 PINNACLE RD	407/  96/  1200/  / 	  2173/0155	$246,900	$246,900	3.1	1010	SINGLE FAM MDL01	RD	1	2016	$94,200	$152,700	$246,900	$130,000	12/13/1995	$125,048	07/01/1992	21:44:48	644
784	39 PINNACLE RD	407/  96/  2000/  / 	  4173/ 290	$153,000	$153,000	5.59	1060	AC LND IMP	RD	1	2016	$11,200	$141,800	$153,000	$200,000	11/18/2015	$280,000	09/20/1993	21:44:50	645
786	63 PINNACLE RD	407/  98/  /  / 	  2612/0104	$692,600	$767,700	22.00	1010	SINGLE FAM MDL01		2	2016	$457,700	$310,000	$767,700	$2,666	12/14/2001	$170,000	08/22/1988	21:44:52	646
788	75 PINNACLE RD	407/  100/  /  / 	  4306/0019	$311,900	$311,900	5.1	1010	SINGLE FAM MDL01	RD	1	2016	$155,600	$156,300	$311,900	$170,000	08/20/2017	$272,533	10/18/2016	21:44:54	647
789	83 PINNACLE RD	407/  101/  /  / 	  4397/0481	$404,100	$496,200	10.73	1010	SINGLE FAM MDL01	RD	1	2016	$273,500	$222,700	$496,200	$425,000	10/26/2018	$84,900	04/16/1986	21:44:56	648
792	91 PINNACLE RD	407/  102/  1000/  / 	  4172/ 338	$594,300	$594,300	6.97	1010	SINGLE FAM MDL01	RD	1	2016	$413,000	$181,300	$594,300	$0	11/16/2015	$498,000	04/30/2014	21:45:00	649
793	109 PINNACLE RD	407/  102/  2000/  / 	002738/0560	$2,800	$268,100	37.78	6503	FARM-3	RD	1	2016	$0	$268,100	$268,100	$112,533	10/31/2002	$135,800	08/18/1986	21:45:03	650
363	5 SLOAN LN	402/  65/  /  / 	  4298/0564	$540,600	$540,600	0.66	1010	SINGLE FAM MDL01	RD	1	2016	$412,500	$128,100	$540,600	$497,266	07/18/2017	$214,000	03/03/2009	21:45:07	651
364	7 SLOAN LN	402/  66/  /  / 	  1149/0325	$212,700	$212,700	0.33	1010	SINGLE FAM MDL01	RD	1	2016	$114,400	$98,300	$212,700	$0				21:45:09	652
365	19 SLOAN LN	402/  67/  /  / 	  2294/0557	$802,300	$1,047,800	48.48	1090	MULTI HSES	RD	2	2016	$544,900	$502,900	$1,047,800	$0	01/16/1998	$225,000	06/05/1981	21:45:13	653
368	8 SLOAN LN	402/  70/  /  / 	  3529/0108	$354,600	$354,600	0.51	1010	SINGLE FAM MDL01	RD	1	2016	$242,900	$111,700	$354,600	$357,666	06/18/2008	$340,000	05/15/2002	21:45:16	654
369	264 RIVER RD	402/  71/  /  / 	  2238/0380	$718,000	$923,000	45.73	1010	SINGLE FAM MDL01	RD	1	2016	$477,100	$445,900	$923,000	$90,000	02/04/1997			21:45:20	655
370	240 RIVER RD	402/  72/  /  / 	  2364/0244	$312,000	$312,000	58	9200	NON PROFIT  MDL-00	RD	1	2016	$0	$312,000	$312,000	$175,000	09/23/1998	$4,000	11/11/1996	21:45:22	656
371	234 RIVER RD	402/  73/  /  / 	  4375/0574	$509,100	$509,100	2.18	1010	SINGLE FAM MDL01	RD	1	2016	$342,300	$166,800	$509,100	$515,000	07/19/2018	$480,000	12/07/2015	21:45:24	657
372	228 RIVER RD	402/  74/  1000/  / 	  4290/0633	$428,600	$428,600	9.8	1010	SINGLE FAM MDL01	RD	1	2016	$219,900	$208,700	$428,600	$0	06/15/2017	$407,000	10/15/2009	21:45:28	658
375	202 RIVER RD	402/  77/  /  / 	  4508/ 207	$260,800	$260,800	7.06	1300	RES ACLNDV	RD	1	2016	$0	$260,800	$260,800	$349,000	03/27/2020	$100,000	08/10/2006	21:45:30	659
376	192 RIVER RD	402/  78/  /  / 	  2998/0599	$551,200	$714,100	50.5	1010	SINGLE FAM MDL01	RD	1	2016	$387,900	$326,200	$714,100	$0	05/06/2004			21:45:33	660
966	185 DORCHESTER RD	409/  19/  /  / 	  3662/0521	$542,200	$542,200	0.87	1010	SINGLE FAM MDL01	LCD	1	2016	$376,200	$166,000	$542,200	$0	11/12/2009	$261,500	07/14/1997	21:45:35	661
967	187 DORCHESTER RD	409/  20/  /  / 	  3925/0175	$605,000	$605,000	1.5	1010	SINGLE FAM MDL01	LCD	1	2016	$432,100	$172,900	$605,000	$173,000	10/18/2012			21:45:39	662
968	11 ACORN HILL RD	409/  21/  /  / 	  4027/0679	$369,900	$510,200	27	1010	SINGLE FAM MDL01	RD	1	2016	$207,300	$302,900	$510,200	$0	11/26/2013	$132,000	11/12/2008	21:45:40	663
971	22 POUT POND LN	409/  24/  /  / 	  3770/0499	$380,500	$380,500	6.9	1010	SINGLE FAM MDL01	RD	1	2016	$207,900	$172,600	$380,500	$345,000	01/12/2011	$330,000	08/29/2006	21:45:43	664
972	38 ACORN HILL RD	409/  25/  /  / 	  1737/0625	$1,600	$158,100	12.5	6135	WPUNR-5	RD	1	2016	$0	$158,100	$158,100	$4,000	05/15/1970			21:45:47	665
973	34 ACORN HILL RD	409/  26/  /  / 	  1729/ 945	$397,100	$397,100	2.9	1010	SINGLE FAM MDL01	RD	1	2016	$245,500	$151,600	$397,100	$19,200	03/24/1988			21:45:49	666
974	26 ACORN HILL RD	409/  27/  /  / 	  4522/ 862	$644,500	$729,100	17.8	1010	SINGLE FAM MDL01	RD	1	2016	$463,100	$266,000	$729,100	$735,000	05/27/2020	$650,000	03/04/2015	21:45:52	667
975	28 ACORN HILL RD	409/  28/  /  / 	  4299/0778	$900	$221,300	19.9	6324	OTUN-4	RD	1	2016	$0	$221,300	$221,300	$0	07/25/2017	$150,000	09/29/1997	21:45:55	668
976	20 ACORN HILL RD	409/  29/  /  / 	  4164/ 283	$474,500	$474,500	9.8	1010	SINGLE FAM MDL01	RD	1	2016	$262,700	$211,800	$474,500	$0	10/08/2015	$80,000	07/29/1994	21:45:58	669
979	197 DORCHESTER RD	409/  32/  /  / 	  3130/0854	$225,000	$225,000	1.4	1010	SINGLE FAM MDL01	RD	1	2016	$94,700	$130,300	$225,000	$0	03/14/2005			21:46:00	670
981	201 DORCHESTER RD	409/  34/  /  / 	  3664/0756	$399,800	$399,800	1.1	1010	SINGLE FAM MDL01		1	2016	$270,900	$128,900	$399,800	$339,500	11/23/2009	$310,000	02/21/2008	21:46:02	671
982	215 DORCHESTER RD	409/  35/  /  / 	  3228/0159	$249,400	$249,400	3.2	1010	SINGLE FAM MDL01	RD	1	2016	$112,400	$137,000	$249,400	$0	12/07/2005			21:46:05	672
984	227 DORCHESTER RD	409/  37/  /  / 	 	$209,100	$209,100	2	1010	SINGLE FAM MDL01	RD	1	2016	$90,800	$118,300	$209,100	$0				21:46:09	673
986	1 FLINT HILL RD	409/  39/  /  / 	  3419/0258	$246,600	$246,600	1.7	1010	SINGLE FAM MDL01	RD	1	2016	$107,000	$139,600	$246,600	$0	06/19/2007	$88,500	10/03/1994	21:46:13	674
987	232 DORCHESTER RD	409/  40/  /  / 	  4358/0113	$422,900	$670,300	80.7	1010	SINGLE FAM MDL01	RD	1	2016	$258,800	$411,500	$670,300	$0	05/04/2018	$150,000	07/29/1996	21:46:15	675
990	224 DORCHESTER RD	409/  43/  /  / 	  3101/0786	$5,200	$16,100	10.9	1320	RES ACLNUD	MFD	1	2016	$4,100	$12,000	$16,100	$14,000	01/26/2005			21:46:18	676
991	228 DORCHESTER RD	409/  44/  /  / 	  1034/0242	$208,800	$208,800	1.56	1010	SINGLE FAM MDL01	RD	1	2016	$77,800	$131,000	$208,800	$0				21:46:21	677
992	216 DORCHESTER RD	409/  45/  /  / 	  3848/0046	$13,500	$680,300	207.89	6135	WPUNR-5	RD	1	2016	$0	$680,300	$680,300	$0	12/30/2011	$600,000	03/01/2006	21:46:24	678
993	202 DORCHESTER RD	409/  46/  /  / 	  3971/0540	$346,600	$346,600	2.69	1010	SINGLE FAM MDL01	RD	1	2016	$210,700	$135,900	$346,600	$0	04/18/2014			21:46:28	679
994	196 DORCHESTER RD	409/  47/  /  / 	  4101/ 262	$316,300	$316,300	5.1	1010	SINGLE FAM MDL01	RD	1	2016	$145,200	$171,100	$316,300	$0	11/10/2014	$42,500	07/16/1997	21:46:29	680
995	188 DORCHESTER RD	409/  48/  /  / 	  3762/0274	$260,500	$260,500	0.54	1010	SINGLE FAM MDL01	LCD	1	2016	$165,900	$94,600	$260,500	$143,000	12/27/2010	$65,048	06/03/1992	21:46:32	681
996	182 DORCHESTER RD	409/  49/  /  / 	  1824/  73	$522,800	$522,800	2.1	0101	Single Fam	LCD	1	2016	$336,100	$186,700	$522,800	$225,053	09/22/1989	$125,000	06/03/1987	21:46:36	682
997	180 DORCHESTER RD	409/  50/  /  / 	  4419/0308	$373,200	$373,200	1.1	1010	SINGLE FAM MDL01	LCD	1	2016	$212,500	$160,700	$373,200	$0	03/04/2019	$400,000	08/20/2018	21:46:39	683
998	11 BAKER HILL RD	409/  51/  /  / 	  2157/0881	$654,800	$822,100	32.01	1010	SINGLE FAM MDL01	RD	1	2016	$442,600	$379,500	$822,100	$230,000	09/06/1995			21:46:42	684
1002	59 BAKER HILL RD	409/  53/  1000/  / 	  3765/0363	$4,800	$141,700	58	6225	HWUN-5	RD	1	2016	$0	$141,700	$141,700	$0	01/08/2011			21:46:43	685
1003	57 BAKER HILL RD	409/  53/  2000/  / 	  2612/0667	$343,100	$472,000	30	1010	SINGLE FAM MDL01	RD	1	2016	$179,900	$292,100	$472,000	$305,000	12/12/2001	$4,000	09/13/1996	21:46:47	686
1004	63 BAKER HILL RD	409/  54/  /  / 	  3445/0201	$546,100	$546,100	7.2	1010	SINGLE FAM MDL01	RD	1	2016	$370,900	$175,200	$546,100	$480,000	08/31/2007	$90,000	04/28/1995	21:46:50	687
1005	67 + 69 BAKER HILL RD	409/  55/  /  / 	  1967/0936	$533,100	$533,100	2.2	1090	MULTI HSES	RD	2	2016	$348,300	$184,800	$533,100	$180,000	05/15/1992	$165,000	07/23/1990	21:46:53	688
1006	71 BAKER HILL RD	409/  56/  /  / 	  4212/0375	$271,800	$271,800	0.97	1010	SINGLE FAM MDL01	RD	1	2016	$131,500	$140,300	$271,800	$260,000	06/06/2016	$242,000	08/29/2008	21:46:56	689
1009	95 BAKER HILL RD	409/  57/  /  / 	  3869/0211	$10,800	$366,700	75	6514	FARMR-4	RD	1	2016	$0	$366,700	$366,700	$0	03/19/2012	$325,933	03/21/2005	21:46:59	690
102692	62 POUT POND LN	414/  9/  2000/  / 	  4404/0053	$814,200	$873,600	12.2	1010	SINGLE FAM MDL01	RD	1	2016	$645,300	$228,300	$873,600	$0	11/30/2018			21:47:00	691
1015	127 BAKER HILL RD	409/  60/  /  / 	 	$178,600	$178,600	5.1	1010	SINGLE FAM MDL01	RD	1	2016	$56,500	$122,100	$178,600	$0				21:47:03	692
1016	124 BAKER HILL RD	409/  61/  /  / 	 	$277,700	$277,700	2	1010	SINGLE FAM MDL01	RD	1	2016	$122,600	$155,100	$277,700	$0				21:47:05	693
1018	25 ISAAC PERKINS RD	409/  63/  /  / 	  3820/0308	$138,000	$235,200	12.11	1010	SINGLE FAM MDL01	RD	1	2016	$43,400	$191,800	$235,200	$383,000	09/09/2011			21:47:08	694
1020	47 ISAAC PERKINS RD	409/  65/  /  / 	 	$250,200	$250,200	4.1	1010	SINGLE FAM MDL01	RD	1	2016	$81,200	$169,000	$250,200	$0				21:47:10	695
1023	54 ISAAC PERKINS RD	409/  68/  /  / 	  4596/ 706	$356,200	$356,200	5.9	1040	TWO FAMILY	RD	1	2016	$160,500	$195,700	$356,200	$0	01/25/2021			21:47:14	696
1024	48 ISAAC PERKINS RD	409/  69/  /  / 	 	$291,300	$291,300	2.1	1010	SINGLE FAM MDL01	RD	1	2016	$142,900	$148,400	$291,300	$0				21:47:18	697
1025	40 ISAAC PERKINS RD	409/  70/  /  / 	  3244/0204	$479,500	$479,500	9.1	1010	SINGLE FAM MDL01	RD	1	2016	$277,500	$202,000	$479,500	$0	01/26/2006			21:47:19	698
1026	34 ISAAC PERKINS RD	409/  71/  /  / 	  3820/0308	$437,500	$526,200	16.9	1010	SINGLE FAM MDL01	RD	1	2016	$261,400	$264,800	$526,200	$383,000	09/09/2011			21:47:22	699
1027	160 EAST ST	409/  72/  /  / 	  4519/ 348	$19,100	$401,100	241	6224	HWUN-4	RD	1	2016	$0	$401,100	$401,100	$248,300	05/14/2020			21:47:25	700
1028	65 ALDEN LN	409/  73/  /  / 	  3964/0537	$12,200	$12,200	6	1320	RES ACLNUD	RD	1	2016	$0	$12,200	$12,200	$10,000	03/22/2013			21:47:27	701
1030	16 ISAAC PERKINS RD	409/  75/  /  / 	  4530/ 297	$633,200	$723,000	13	1010	SINGLE FAM MDL01	RD	1	2016	$368,900	$354,100	$723,000	$792,500	06/24/2020	$720,000	09/18/2017	21:47:30	702
1031	10 ISAAC PERKINS-1 ALDEN  RD	409/  76/  /  / 	  1303/0368	$283,600	$318,600	11.8	1010	SINGLE FAM MDL01	RD	1	2016	$141,900	$176,700	$318,600	$800	02/21/1977	$1,800	03/09/1975	21:47:34	703
1033	60 BAKER HILL RD	409/  78/  /  / 	  1411/0076	$477,700	$605,100	32.5	1010	SINGLE FAM MDL01	RD	1	2016	$298,200	$306,900	$605,100	$0	11/26/1980	$22,000	07/29/1977	21:47:36	704
1034	62 BAKER HILL RD	409/  79/  /  / 	  3560/0357	$33,700	$121,000	37	1060	AC LND IMP	RD	1	2016	$17,100	$103,900	$121,000	$75,000	10/24/2008			21:47:40	705
1035	56 BAKER HILL RD	409/  80/  /  / 	  3465/0963	$414,200	$414,200	5.37	1010	SINGLE FAM MDL01	RD	1	2016	$162,400	$251,800	$414,200	$0	11/06/2007	$172,000	05/14/1997	21:47:44	706
1037	48 BAKER HILL RD	409/  82/  /  / 	  1098/ 353	$279,800	$279,800	10.5	1010	SINGLE FAM MDL01	RD	1	2016	$53,700	$226,100	$279,800	$0				21:47:48	707
1039	12 BAKER HILL RD	409/  84/  /  / 	  4612/ 972	$113,300	$422,400	81.21	1300	RES ACLNDV	RD	1	2016	$0	$422,400	$422,400	$400,000	03/19/2021	$687,000	09/12/2006	21:47:52	708
1040	2 BAKER HILL RD	409/  85/  /  / 	  2353/0323	$498,800	$498,800	0.53	1010	SINGLE FAM MDL01	LCD	1	2016	$355,700	$143,100	$498,800	$4,000	10/06/1998	$185,000	06/29/1988	21:47:55	709
1041	176 DORCHESTER RD	409/  86/  /  / 	  3198/0479	$465,900	$465,900	0.67	1010	SINGLE FAM MDL01	LCD	1	2016	$318,200	$147,700	$465,900	$453,000	09/28/2005	$4,000	06/07/1997	21:47:57	710
1042	168 DORCHESTER RD	409/  87/  /  / 	  3726/0303	$398,600	$398,600	0.71	1010	SINGLE FAM MDL01		1	2016	$245,800	$152,800	$398,600	$340,000	08/27/2010	$303,000	07/19/2001	21:48:01	711
1043	166 DORCHESTER RD	409/  88/  /  / 	  2123/0335	$226,100	$226,100	0.22	1010	SINGLE FAM MDL01	LCD	1	2016	$125,600	$100,500	$226,100	$20,000	12/19/1994			21:48:04	712
1045	162 DORCHESTER RD	409/  90/  /  / 	  1769/ 690	$173,600	$173,600	0.48	1010	SINGLE FAM MDL01	LCD	1	2016	$68,200	$105,400	$173,600	$0	10/05/1995	$37,400	10/13/1988	21:48:06	713
1048	130 DORCHESTER RD	409/  93/  /  / 	  1298/0865	$4,400	$4,400	0.34	9010	STATE NH	RD	1	2016	$0	$4,400	$4,400	$0				21:48:07	714
1423	1 LAMBERT RG	419/  1/  /  / 	 	$342,200	$342,200	777.62	9000	US GOVT	MFD	1	2016	$0	$342,200	$342,200	$0				21:48:12	715
1435	7 LAMBERT RG	419/  7/  /  / 	003095/0137	$88,300	$88,300	114.7	9000	US GOVT	MFD	1	2016	$0	$88,300	$88,300	$47,950	12/16/2004	$33,533	04/01/2004	21:48:15	716
1436	8 LAMBERT RG	419/  8/  /  / 	  3102/0731	$57,100	$57,100	64.85	9000	US GOVT	MFD	1	2016	$0	$57,100	$57,100	$27,000	01/15/2005	$5,000	04/10/1987	21:48:17	717
1437	545 DORCHESTER RD	419/  9/  /  / 	  2256/0048	$183,500	$183,500	89	9000	US GOVT	MFD	1	2016	$0	$183,500	$183,500	$25,000	06/17/1997			21:48:19	718
1438	509 DORCHESTER RD	420/  1/  /  / 	  2256/0067	$177,200	$177,200	63	9000	US GOVT	ELD	1	2016	$0	$177,200	$177,200	$0	01/06/1997	$4,000	06/04/1996	21:48:23	719
1439	511 DORCHESTER RD	420/  2/  /  / 	  3095/0137	$85,000	$85,000	110.35	9000	US GOVT	MFD	1	2016	$0	$85,000	$85,000	$47,950	12/16/2004	$1,770	12/10/1998	21:48:25	720
1440	535 DORCHESTER RD	420/  3/  /  / 	  2121/0393	$404,400	$404,400	919	9000	US GOVT	MFD	1	2016	$0	$404,400	$404,400	$2,000	12/02/1994	$454,095	01/15/1993	21:48:28	721
1441	525 DORCHESTER RD	420/  4/  /  / 	  3601/0644	$7,500	$7,500	6.8	9000	US GOVT	MFD	1	2016	$0	$7,500	$7,500	$38,000	04/22/2009			21:48:31	722
1442	517 DORCHESTER RD (BEALE CEM	420/  5/  /  / 	 	$10,900	$10,900	0.57	9035	TOWN-PROP	ELD	1	2016	$0	$10,900	$10,900	$0				21:48:33	723
1443	539 DORCHESTER RD	420/  6/  /  / 	  2256/0875	$5,900	$589,400	124	6215	HWMR-5	ELD	1	2016	$0	$589,400	$589,400	$3,996,000	06/20/1997			21:48:37	724
1446	581 DORCHESTER RD	420/  7/  1000/  / 	  3479/0620	$11,000	$630,500	243	6104	WPM-4	ELD	1	2016	$0	$630,500	$630,500	$190,000	12/27/2007	$250,000	10/18/1988	21:48:39	725
1447	601 DORCHESTER RD	420/  7/  2000/  / 	  4307/0326	$2,700	$270,000	40.2	1060	AC LND IMP	ELD	1	2016	$200	$269,800	$270,000	$215,000	08/28/2017	$85,048	11/15/1990	21:48:43	726
1449	623 DORCHESTER RD	420/  9/  /  / 	  4533/ 326	$335,600	$335,600	0.87	1013	SFR WATER  MDL-01	ELD	1	2016	$60,700	$274,900	$335,600	$333,000	07/02/2020	$2,000	08/14/1958	21:48:46	727
1450	625 DORCHESTER RD	420/  10/  /  / 	  4023/ 0683	$92,100	$92,100	0.62	1060	AC LND IMP	ELD	1	2016	$18,900	$73,200	$92,100	$0	11/06/2013	$9,500	10/14/1981	21:48:49	728
1451	629 DORCHESTER RD	420/  11/  /  / 	  4023/0682	$254,600	$254,600	0.17	1013	SFR WATER  MDL-01	ELD	1	2016	$109,100	$145,500	$254,600	$0	11/06/2013	$20,000	07/28/1978	21:48:51	729
1455	638 DORCHESTER RD	420/  15/  /  / 	  2974/0984	$450,100	$450,100	1.00	1013	SFR WATER  MDL-01	ELD	1	2016	$219,200	$230,900	$450,100	$0	04/02/2004	$285,000	07/19/2002	21:48:52	730
1456	634 DORCHESTER RD	420/  16/  /  / 	  4129/0469	$208,500	$208,500	0.88	1013	SFR WATER  MDL-01	ELD	1	2016	$34,800	$173,700	$208,500	$130,000	05/21/2015	$2,666	08/09/2001	21:48:54	731
1457	632 DORCHESTER RD	420/  17/  /  / 	  1930/0145	$281,100	$281,100	2.06	1013	SFR WATER  MDL-01	ELD	1	2016	$122,000	$159,100	$281,100	$155,048	08/30/1991	$100	01/06/1977	21:48:57	732
101224	289 GOOSE POND RD	411/  1/  /  / 	  4196/0669	$658,900	$734,100	17.27	1080	SFR/ACC UNIT	RD	1	2016	$484,500	$249,600	$734,100	$0	04/01/2016	$195,533	11/10/2003	21:49:00	733
101242	34 POUT POND LN	409/  23/  2000/  / 	  3991/0207	$909,300	$909,300	8.08	1010	SINGLE FAM MDL01	RD	1	2016	$660,000	$249,300	$909,300	$740,000	06/27/2013	$112,533	05/02/2001	21:49:04	734
1464	552 DORCHESTER RD	420/  24/  /  / 	O-2000/  61	$1,300	$138,700	33	6232	HWUNR-2	MFD	1	2016	$0	$138,700	$138,700	$0	10/27/2000			21:49:08	735
1466	550 DORCHESTER RD	420/  26/  /  / 	  0406/0167	$3,600	$368,800	79	6335	OTUNR-5	ELD	1	2016	$0	$368,800	$368,800	$0				21:49:11	736
1468	500 DORCHESTER RD	420/  28/  /  / 	  2318/ 676	$538,300	$647,600	30.5	1040	TWO FAMILY	ELD	1	2016	$280,800	$366,800	$647,600	$20,000	05/29/1998	$4,000	06/04/1997	21:49:13	737
888	18 HORTON LN	408/  47/  2000/  / 	  3876/0442	$800	$160,200	12.7	6124	WPUN-4	RD	1	2016	$0	$160,200	$160,200	$0	04/26/2012	$185,000	12/02/2003	21:49:16	738
891	129 FRANKLIN HILL RD	408/  48/  2000/  / 	  4621/ 264	$516,800	$596,500	12.75	1010	SINGLE FAM MDL01	RD	1	2016	$403,600	$192,900	$596,500	$617,000	04/15/2021	$525,000	03/14/2013	21:49:20	739
892	145 FRANKLIN HILL RD	408/  48/  1000/  / 	  4585/ 612	$155,100	$554,000	44.4	6515	FARMR-5	RD	1	2016	$0	$554,000	$554,000	$600,000	12/16/2020	$100	06/10/1974	21:49:21	740
897	3 HARDSCRABBLE LN	408/  52/  /  / 	  4178/0830	$6,100	$138,700	14.4	6506	FARM-6	RD	1	2016	$0	$138,700	$138,700	$0	12/21/2015	$363,533	08/07/2015	21:49:24	741
101442	44 FRANKLIN HILL RD	408/  75/  3000/  / 	  4132/0455	$121,000	$431,600	36	1060	AC LND IMP	RD	1	2016	$3,500	$428,100	$431,600	$260,000	06/04/2015	$110,000	10/09/2007	21:49:25	742
101462	230 RIVER RD	402/  74/  2000/  / 	  3242/0831	$1,117,900	$1,117,900	6.6	1010	SINGLE FAM MDL01	RD	1	2016	$926,800	$191,100	$1,117,900	$170,000	01/20/2006	$387,000	01/11/2005	21:49:27	743
101483	192 GOOSE POND RD	410/  71/  /  / 	  3922/0732	$144,600	$144,600	11.4	1300	RES ACLNDV	RD	1	2016	$200	$144,400	$144,600	$110,000	10/09/2012	$1,000	02/08/1973	21:49:29	744
900	18 + 20 HARDSCRABBLE LN	408/  55/  /  / 	  4183/ 665	$1,004,200	$1,239,000	32.5	1090	MULTI HSES	RD	2	2016	$563,900	$675,100	$1,239,000	$0	01/14/2016			21:49:33	745
901	172 ACORN HILL RD	408/  56/  /  / 	  2008/0171	$303,900	$303,900	0.94	1010	SINGLE FAM MDL01	RD	1	2016	$135,200	$168,700	$303,900	$0	01/06/1993			21:49:35	746
907	112 ACORN HILL RD	408/  57/  1000/  / 	  2263/0986	$700	$375,900	10.51	6233	HWUNR-3	RD	1	2016	$0	$375,900	$375,900	$235,000	08/01/1997	$350,000	12/03/1993	21:49:37	747
908	118 ACORN HILL RD	408/  57/  2000/  / 	  2263/0986	$3,300	$428,000	13.26	6514	FARMR-4	RD	1	2016	$0	$428,000	$428,000	$235,000	08/01/1997	$350,000	12/03/1993	21:49:40	748
909	146 ACORN HILL RD	408/  57/  3000/  / 	  3940/0992	$1,967,900	$2,515,000	110.62	1010	SINGLE FAM MDL01	RD	1	2016	$1,330,200	$1,184,800	$2,515,000	$3,315,000	12/18/2012	$3,000,000	01/29/2010	21:49:41	749
910	160 ACORN HILL RD	408/  57/  4000/  / 	  3940/0992	$738,600	$891,200	22.08	1010	SINGLE FAM MDL01	RD	1	2016	$487,700	$403,500	$891,200	$3,315,000	12/18/2012	$3,000,000	01/29/2010	21:49:45	750
911	82 ACORN HILL RD	408/  58/  /  / 	  3668/0014	$705,400	$1,240,600	103.1	1010	SINGLE FAM MDL01		1	2016	$388,000	$852,600	$1,240,600	$152,333	12/10/2009	$340,000	12/21/1990	21:49:47	751
912	70 ACORN HILL RD	408/  59/  /  / 	  4028/0759	$3,700	$81,400	10.07	6504	FARM-4	RD	1	2016	$0	$81,400	$81,400	$200,000	12/03/2013	$305,000	09/18/2009	21:49:49	752
913	62 ACORN HILL RD	408/  60/  /  / 	 	$175,200	$175,200	0.87	1010	SINGLE FAM MDL01	RD	1	2016	$25,900	$149,300	$175,200	$0				21:49:51	753
915	21 POUT POND LN	408/  61/  1000/  / 	  2306/0650	$289,500	$289,500	5.02	1010	SINGLE FAM MDL01		1	2016	$133,700	$155,800	$289,500	$20,000	04/02/1998			21:49:53	754
916	29 POUT POND LN	408/  61/  2000/  / 	  3206/0321	$349,500	$349,500	5.25	1010	SINGLE FAM MDL01	RD	1	2016	$171,000	$178,500	$349,500	$278,933	10/13/2005	$1	12/09/1998	21:49:54	755
917	53 ACORN HILL RD	408/  62/  /  / 	  4276/0095	$478,900	$478,900	3.80	1090	MULTI HSES	RD	2	2016	$243,600	$235,300	$478,900	$389,000	04/14/2017	$2,666	11/07/2002	21:49:56	756
923	115 ACORN HILL RD	408/  66/  /  / 	  1281/ 272	$201,400	$201,400	7.70	1030	MOBILE HOM  MDL-02	RD	2	2016	$29,900	$171,500	$201,400	$0				21:49:58	757
924	145 ACORN HILL RD	408/  67/  /  / 	  4229/0940	$6,500	$477,500	67	6516	FARMR-6	RD	1	2016	$0	$477,500	$477,500	$340,000	08/26/2016	$4,000	07/23/1996	21:50:00	758
925	171 ACORN HILL RD (LAND ONLY)	408/  68/  /  / 	  1281/0272	$400	$400	0.04	9035	TOWN-PROP	RD	1	2016	$0	$400	$400	$0				21:50:03	759
935	114 FRANKLIN HILL RD	408/  70/  2000/  / 	  4148/0678	$721,600	$721,600	5.00	1090	MULTI HSES	RD	2	2016	$458,600	$263,000	$721,600	$670,000	08/06/2015	$2,666	09/25/2002	21:50:06	760
940	84 FRANKLIN HILL RD	408/  71/  2000/  / 	  3975/ 441	$584,700	$708,700	12.10	1010	SINGLE FAM MDL01	RD	1	2016	$432,600	$276,100	$708,700	$225,000	05/03/2013	$110,000	10/09/2007	21:50:10	761
941	76 FRANKLIN HILL RD	408/  72/  /  / 	  4036/0924	$583,300	$583,300	0.99	1010	SINGLE FAM MDL01	RD	1	2016	$397,900	$185,400	$583,300	$75,000	01/21/2014	$35,000	12/24/2002	21:50:12	762
942	70 FRANKLIN HILL RD	408/  73/  /  / 	  4173/ 139	$630,000	$630,000	2.41	1010	SINGLE FAM MDL01	RD	1	2016	$402,700	$227,300	$630,000	$640,000	11/16/2015	$198,200	11/22/1996	21:50:15	763
943	66 FRANKLIN HILL RD	408/  74/  /  / 	  3618/0895	$500,100	$500,100	2.34	1010	SINGLE FAM MDL01	RD	1	2016	$288,700	$211,400	$500,100	$500,000	06/16/2009	$410,000	04/07/2005	21:50:17	764
944	56 FRANKLIN HILL RD	408/  75/  1000/  / 	  4156/0739	$655,600	$736,800	21.1	1010	SINGLE FAM MDL01	RD	1	2016	$397,300	$339,500	$736,800	$640,000	09/08/2015	$575,000	03/17/2009	21:50:18	765
947	1 FRANKLIN HILL RD	409/  3/  /  / 	  3781/ 759	$478,400	$478,400	3.24	1010	SINGLE FAM MDL01	RD	1	2016	$334,800	$143,600	$478,400	$331,000	03/17/2011	$353,533	11/30/2009	21:50:22	766
949	14 FRANKLIN HILL RD	409/  5/  /  / 	  4520/ 198	$580,300	$766,100	112	1010	SINGLE FAM MDL01	RD	1	2016	$379,200	$386,900	$766,100	$730,000	05/18/2020	$285,000	05/01/1986	21:50:23	767
952	147 DORCHESTER RD	409/  8/  /  / 	 	$268,200	$268,200	2.36	1010	SINGLE FAM MDL01	RD	1	2016	$134,400	$133,800	$268,200	$0				21:50:26	768
953	165 DORCHESTER RD	409/  9/  /  / 	  2531/0935	$310,100	$310,100	0.5	1010	SINGLE FAM MDL01	LCD	1	2016	$183,800	$126,300	$310,100	$140,000	04/20/2001	$128,000	09/04/1996	21:50:28	769
1123	179 GOOSE POND RD	410/  60/  /  / 	   995/0501	$177,500	$177,500	21	1030	MOBILE HOM  MDL-02	RD	1	2016	$37,100	$140,400	$177,500	$0				21:50:32	770
1125	193 GOOSE POND RD	410/  62/  /  / 	  1825/0734	$77,400	$77,400	0.3	1030	MOBILE HOM  MDL-02	RD	1	2016	$27,000	$50,400	$77,400	$49,900	09/14/1989	$45,000	08/15/1988	21:50:33	771
1251	261 DORCHESTER RD	414/  29/  /  / 	  2044/0116	$587,400	$648,000	12	1010	SINGLE FAM MDL01	RD	1	2016	$457,500	$190,500	$648,000	$0	08/19/1993	$105,000	08/12/1987	21:50:36	772
1255	265 DORCHESTER RD	414/  30/  1000/  / 	  4552/ 717	$521,300	$521,300	7.6	1010	SINGLE FAM MDL01	ES	1	2016	$363,500	$157,800	$521,300	$550,000	09/09/2020	$409,733	04/15/2013	21:50:40	773
1256	263 DORCHESTER RD	414/  30/  2000/  / 	  2035/0409	$378,800	$378,800	4.41	1010	SINGLE FAM MDL01	RD	1	2016	$238,500	$140,300	$378,800	$39,000	07/06/1993	$4,000	09/18/1992	21:50:41	774
1097	12 CLAFLIN LN	410/  34/  /  / 	4040-0211	$900	$197,900	15	6234	HWUNR-4	RD	1	2016	$0	$197,900	$197,900	$0	02/10/2014	$125,000	01/28/2000	21:50:43	775
983	225 DORCHESTER RD	409/  36/  /  / 	  3150/0646	$149,400	$149,400	5.8	1030	MOBILE HOM  MDL-02	RD	1	2016	$12,100	$137,300	$149,400	$50,533	06/02/2005	$75,000	05/08/2000	21:50:48	776
1022	68 ISAAC PERKINS RD	409/  67/  /  / 	  3277/0647	$552,800	$765,700	52.00	1010	SINGLE FAM MDL01	RD	1	2016	$370,500	$395,200	$765,700	$0	04/11/2006			21:50:50	777
1038	14 BAKER HILL RD	409/  83/  /  / 	  4590/ 116	$200,600	$200,600	0.47	1010	SINGLE FAM MDL01	RD	1	2016	$103,600	$97,000	$200,600	$163,900	12/31/2020	$42,500	01/01/1984	21:50:53	778
1265	343 DORCHESTER RD	414/  34/  /  / 	  1891/0721	$379,400	$379,400	3.1	1010	SINGLE FAM MDL01		1	2016	$232,800	$146,600	$379,400	$110,000	12/17/1990	$24,948	12/15/1989	21:50:56	779
1266	353 DORCHESTER RD	414/  35/  /  / 	  1344/0648	$497,400	$497,400	5.5	1010	SINGLE FAM MDL01	RD	1	2016	$324,100	$173,300	$497,400	$57,500	06/13/1978	$32,500	11/08/1974	21:51:01	780
1267	359 DORCHESTER RD	414/  36/  /  / 	  1779/0679	$326,100	$326,100	2.32	1010	SINGLE FAM MDL01	RD	1	2016	$190,300	$135,800	$326,100	$30,000	12/13/1988	$7,500	11/17/1988	21:51:02	781
1268	361 DORCHESTER RD	414/  37/  /  / 	PC-2003	$155,100	$155,100	2.2	1030	MOBILE HOM  MDL-02	RD	1	2016	$28,300	$126,800	$155,100	$0	01/02/2003	$7,500	11/17/1988	21:51:05	782
1269	371 DORCHESTER RD	414/  38/  /  / 	  4492/ 467	$321,500	$417,100	22	1010	SINGLE FAM MDL01	RD	1	2016	$184,700	$232,400	$417,100	$187,500	01/06/2020			21:51:09	783
1270	379 DORCHESTER RD (LAND ONLY)	414/  39/  /  / 	  1735/0724	$5,200	$5,200	0.54	9035	TOWN-PROP	RD	1	2016	$0	$5,200	$5,200	$187	04/16/1988			21:51:10	784
1271	383 DORCHESTER RD	414/  40/  /  / 	  4010/0260	$443,700	$443,700	4.6	1010	SINGLE FAM MDL01	RD	1	2016	$292,900	$150,800	$443,700	$340,000	09/09/2013	$145,000	06/11/2010	21:51:14	785
1272	393 DORCHESTER RD	414/  41/  /  / 	  4234/0785	$520,900	$738,300	76	1010	SINGLE FAM MDL01	RD	1	2016	$369,200	$369,100	$738,300	$0	09/19/2016			21:51:18	786
1274	401 DORCHESTER RD	414/  43/  /  / 	  3284/0699	$480,300	$480,300	7	1010	SINGLE FAM MDL01	ELD	1	2016	$312,200	$168,100	$480,300	$0	05/25/2006	$19,000	08/15/1975	21:51:21	787
1282	473 DORCHESTER RD	414/  45/  /  / 	  2121/0393	$304,600	$304,600	83	9000	US GOVT	ELD	1	2016	$0	$304,600	$304,600	$0	12/02/1994			21:51:24	788
1291	428 DORCHESTER RD	414/  50/  /  / 	  3925/0178	$400	$33,700	12.9	6332	OTUNR-2	MFD	1	2016	$0	$33,700	$33,700	$25,000	10/18/2012	$4,000	06/21/1981	21:51:26	789
1292	442 DORCHESTER RD	414/  51/  /  / 	 	$186,800	$186,800	85	9000	US GOVT	ELD	1	2016	$0	$186,800	$186,800	$0				21:51:29	790
1299	376 DORCHESTER RD	414/  54/  /  / 	  2524/0992	$423,800	$423,800	0.8	1010	SINGLE FAM MDL01	RD	1	2016	$299,400	$124,400	$423,800	$84,900	03/14/2001	$10,000	08/12/1997	21:51:33	791
1250	8 FLINT HILL RD	414/  28/  /  / 	  2464/0872	$447,000	$447,000	3	1010	SINGLE FAM MDL01	RD	1	2016	$278,300	$168,700	$447,000	$250,000	06/01/2000	$220,000	09/19/1996	21:51:35	792
1257	267 DORCHESTER RD	414/  31/  /  / 	  2403/0163	$279,700	$279,700	3.1	1010	SINGLE FAM MDL01	RD	1	2016	$149,000	$130,700	$279,700	$5,000	05/25/1999	$105,000	08/12/1987	21:51:39	793
1302	320 DORCHESTER RD	414/  57/  /  / 	  1500/0892	$191,600	$191,600	17	9000	US GOVT	RD	1	2016	$0	$191,600	$191,600	$0				21:51:42	794
1304	39 GRAFTON TK (TAXABLE)	414/  58/  1001P/  / 	  0145/0577	$1,931,900	$2,362,900	354.40	3890	SKIWAY	SKIWAY	2	2016	$830,300	$1,532,600	$2,362,900	$0				21:51:45	795
1305	39 GRAFTON TK (NON-TAXABLE)	414/  58/  1002P/  / 	  0145/0577	$4,034,300	$4,034,300	82.60	920C	NON PROFIT  MDL-94	SKIWAY	3	2016	$3,697,300	$337,000	$4,034,300	$0				21:51:49	796
1309	40 GRAFTON TK (TAXABLE)	414/  61/  1001P/  / 	 	$5,200	$198,000	79.99	6235	HWUNR-5	SKIWAY	1	2016	$0	$198,000	$198,000	$0				21:51:53	797
1311	40 GRAFTON TK (NON-TAXABLE)	414/  61/  1002P/  / 	 	$679,100	$679,100	102.8	920C	NON PROFIT  MDL-94	SKIWAY	1	2016	$441,600	$237,500	$679,100	$0				21:51:57	798
1312	290 DORCHESTER RD	414/  66/  /  / 	  1956/0975	$778,800	$778,800	590	9000	US GOVT	RD	1	2016	$0	$778,800	$778,800	$318,000	03/17/1992			21:51:59	799
1313	274 DORCHESTER RD	414/  62/  /  / 	  4593/ 892	$375,600	$429,700	19.9	1010	SINGLE FAM MDL01	RD	1	2016	$241,900	$187,800	$429,700	$0	01/14/2021	$143,500	08/08/1997	21:52:01	800
1323	254 DORCHESTER RD	414/  64/  /  / 	  3620/0440	$566,000	$566,000	8.6	1010	SINGLE FAM MDL01	RD	1	2016	$402,700	$163,300	$566,000	$455,000	06/22/2009	$190,000	10/30/1990	21:52:03	801
1325	22 PONY HILL LN	415/  1/  /  / 	  1445/0801	$459,800	$459,800	5.5	1010	SINGLE FAM MDL01	RD	1	2016	$207,200	$252,600	$459,800	$7,800	05/26/1982			21:52:05	802
1326	55 HARDSCRABBLE LN	415/  2/  /  / 	  2358/0305	$962,600	$1,084,200	22.2	1010	SINGLE FAM MDL01	RD	1	2016	$702,900	$381,300	$1,084,200	$685,000	11/25/1998	$4,000	09/26/1995	21:52:10	803
1327	4 TROUT POND LN (TROUT POND	415/  3/  /  / 	  2108/0373	$435,200	$435,200	385.4	9035	TOWN-PROP	MFD	1	2016	$0	$435,200	$435,200	$0	06/30/1993	$4,000	07/13/1990	21:52:12	804
1332	46 HARDSCRABBLE LN	415/  8/  /  / 	  2960/0070	$2,700	$48,800	55.5	6232	HWUNR-2	MFD	1	2016	$0	$48,800	$48,800	$10,000	02/09/2004	$29,000	07/21/1995	21:52:14	805
1333	58 HARDSCRABBLE LN	415/  9/  /  / 	  2997/0946	$751,300	$857,600	23.8	1010	SINGLE FAM MDL01	RD	1	2016	$527,300	$330,300	$857,600	$660,000	05/13/2004	$194,000	06/01/1995	21:52:16	806
1336	44 HARDSCRABBLE LN	415/  12/  /  / 	  3807/0862	$7,000	$259,300	145	6133	WPUNR-3	MFD	1	2016	$0	$259,300	$259,300	$250,000	07/21/2011			21:52:19	807
1337	43 POUT POND LN	415/  13/  /  / 	  3123/0868	$800	$253,000	13.61	6234	HWUNR-4	RD	1	2016	$0	$253,000	$253,000	$175,000	04/04/2005	$40,000	03/09/1992	21:52:23	808
1375	41 DAVISON LN	416/  12/  /  / 	  2512/0632	$1,714,900	$2,739,000	700	1010	SINGLE FAM MDL01	RD	1	2016	$1,351,300	$1,387,700	$2,739,000	$969,000	01/17/2001	$2,667	01/04/2001	21:52:26	809
1235	115 FLINT HILL RD	414/  22/  /  / 	  2342/0137	$235,600	$235,600	0.97	1010	SINGLE FAM MDL01	RD	1	2016	$114,800	$120,800	$235,600	$0	09/10/1998			21:52:29	810
951	141 DORCHESTER RD	409/  7/  /  / 	  4108/  22	$268,200	$268,200	0.61	1010	SINGLE FAM MDL01	RD	1	2016	$161,600	$106,600	$268,200	$60,000	01/21/2015	$69,000	09/02/2014	21:52:31	811
920	75 ACORN HILL RD	408/  64/  1000/  / 	  2524/0287	$668,900	$735,200	16.80	1090	MULTI HSES	RD	2	2016	$399,600	$335,600	$735,200	$0	03/21/2001	$65,000	07/31/1985	21:52:34	812
711	187 ORFORD RD	407/  51/  /  / 	  2490/0910	$288,600	$288,600	2.00	1010	SINGLE FAM MDL01	RD	2	2016	$162,700	$125,900	$288,600	$127,000	10/02/2000			21:52:38	813
1118	52 PICO RD	410/  55/  /  / 	  1317/ 217	$335,100	$335,100	1.3	1010	SINGLE FAM MDL01	RD	1	2016	$204,900	$130,200	$335,100	$16,980	06/23/1977			21:52:40	814
1119	243 BAKER HILL RD	410/  56/  /  / 	  3950/0053	$3,700	$290,700	46	6233	HWUNR-3	RD	1	2016	$0	$290,700	$290,700	$82,500	01/24/2013	$212,533	10/05/2007	21:52:41	815
800	100 HIGHBRIDGE RD	407/  110/  /  / 	  4403/0217	$1,578,300	$1,627,000	13.49	1010	SINGLE FAM MDL01	RD	1	2016	$1,249,900	$377,100	$1,627,000	$1,600,000	11/26/2018			21:52:45	816
816	15 CUTTING HILL LN	407/  124/  /  / 	    PC/2003	$834,000	$915,200	21.36	1090	MULTI HSES	RD	2	2016	$611,800	$303,400	$915,200	$0	02/27/2003	$2,667	12/19/2000	21:52:47	817
832	10 PINNACLE RD	407/  136/  /  / 	  2441/0006	$100,800	$100,800	0.71	1300	RES ACLNDV	RD	1	2016	$0	$100,800	$100,800	$30,600	12/30/1999			21:52:49	818
767	10 WHIPPLE HILL RD	407/  86/  1000/  / 	  2524/0286	$37,800	$492,400	134.7	1060	AC LND IMP		1	2016	$8,700	$483,700	$492,400	$0	03/21/2001	$500,000	11/18/1986	21:52:53	819
833	100 ORFORD RD	407/  137/  /  / 	  2525/0653	$565,800	$565,800	2.67	1090	MULTI HSES	RD	2	2016	$385,800	$180,000	$565,800	$0	03/22/2001			21:52:57	820
737	8 TAVERN LN	407/  60/  4000/  / 	  4570/ 715	$1,129,400	$1,244,000	21.07	1010	SINGLE FAM MDL01	RD	1	2016	$854,300	$389,700	$1,244,000	$1,500,000	11/02/2020	$95,000	05/04/1999	21:52:59	821
739	47 CULVER HILL LN	407/  60/  6000/  / 	  2692/0805	$866,800	$866,800	5.08	1090	MULTI HSES	RD	2	2016	$532,800	$334,000	$866,800	$587,000	07/24/2002	$100,000	05/13/1999	21:53:02	822
752	89 WHIPPLE HILL RD	407/  72/  /  / 	  4459/0802	$520,600	$592,300	19.33	1010	SINGLE FAM MDL01		1	2016	$335,600	$256,700	$592,300	$0	08/23/2019	$190,000	09/28/2000	21:53:03	823
756	115 WHIPPLE HILL RD	407/  76/  3000/  / 	  2471/0673	$631,700	$886,100	80.13	1010	SINGLE FAM MDL01	RD	1	2016	$337,900	$548,200	$886,100	$0	06/30/2000			21:53:06	824
764	150 WHIPPLE HILL RD	407/  83/  /  / 	002907/0957	$194,500	$194,500	1	1010	SINGLE FAM MDL01		1	2016	$53,400	$141,100	$194,500	$0	10/02/2003			21:53:07	825
736	7 TAVERN LN	407/  60/  3000/  / 	  4614/ 724	$1,339,400	$1,339,400	8.91	1010	SINGLE FAM MDL01	URD	2	2016	$1,054,700	$284,700	$1,339,400	$1,435,000	03/25/2021	$1,250,000	07/14/2006	21:53:09	826
101282	6 ISAAC PERKINS RD	409/  77/  /  / 	  PRO-/1983	$584,800	$842,400	49.6	1010	SINGLE FAM MDL01	RD	1	2016	$384,200	$458,200	$842,400	$0	04/16/1983			21:53:10	827
101325	310 DARTMOUTH COLLEGE HY	403/  1/  /  / 	  3276/0030	$832,200	$1,083,100	54.32	1010	SINGLE FAM MDL01	RD	1	2016	$628,800	$454,300	$1,083,100	$100,733	05/02/2006	$475,000	05/29/2001	21:53:16	828
101342	767 RIVER RD	405/  38/  2000/  / 	  3776/0216	$1,721,800	$1,823,100	5	1013	SFR WATER  MDL-01	RD	1	2016	$811,300	$1,011,800	$1,823,100	$2,000,000	02/18/2011			21:53:18	829
101362	119 WHIPPLE HILL RD	407/  76/  1000/  / 	  4442/0404	$662,700	$735,200	15.03	1010	SINGLE FAM MDL01	RD	1	2016	$492,900	$242,300	$735,200	$167,000	07/12/2019	$275,000	01/04/2007	21:53:22	830
1186	64 TYLER HILL RD	413/  11/  /  / 	  3848/0046	$1,200	$59,000	23	6233	HWUNR-3	MFD	1	2016	$0	$59,000	$59,000	$0	12/30/2011	$1,330,000	09/15/2006	21:53:25	831
1188	172 GRAFTON TK	413/  14/  /  / 	  4159/ 809	$661,000	$842,600	105	1010	SINGLE FAM MDL01	ELD	1	2016	$493,900	$348,700	$842,600	$0	09/18/2015	$4,000	06/06/1978	21:53:27	832
1189	130 GRAFTON TK	413/  15/  /  / 	  4408/0421	$6,800	$290,400	95	6134	WPUNR-4	ELD	1	2016	$0	$290,400	$290,400	$325,000	12/21/2018			21:53:28	833
1190	100 GRAFTON TK	413/  16/  /  / 	  3780/0740	$114,300	$114,300	3.1	1060	AC LND IMP	ELD	1	2016	$1,200	$113,100	$114,300	$94,000	03/15/2011	$30,000	03/12/1996	21:53:30	834
1191	96 GRAFTON TK	413/  17/  /  / 	  3780/0738	$110,100	$110,100	2.95	1300	RES ACLNDV	ELD	1	2016	$0	$110,100	$110,100	$94,000	03/15/2011			21:53:34	835
1193	25 CANAAN LEDGE LN (L/O)	413/  20/  /  / 	  1302/0550	$77,500	$77,500	16	9035	TOWN-PROP	ELD	1	2016	$0	$77,500	$77,500	$0				21:53:37	836
1194	Problem loading parcel PID 1194, Map 413 Lot 21
1195	22 CANAAN LEDGE LN	413/  22/  /  / 	  3744/0515	$474,600	$474,600	7.02	1010	SINGLE FAM MDL01		1	2016	$314,400	$160,200	$474,600	$360,000	11/01/2010	$265,000	06/08/1989	21:53:43	838
1197	14 CANAAN LEDGE LN	413/  24/  /  / 	  4516/ 908	$67,900	$67,900	2	1060	AC LND IMP		1	2016	$4,300	$63,600	$67,900	$525,000	04/04/2020	$555,000	06/28/2017	21:53:45	839
1198	16 CANAAN LEDGE LN	413/  25/  /  / 	 	$0	$0	0.00	102V	CONDO NL  MDL-00	ELD	1	2016	$0	$0	$0	$0				21:53:48	840
1201	4 CANAAN LEDGE LN	413/  28/  /  / 	  3692/0952	$396,900	$396,900	2	1010	SINGLE FAM MDL01	ELD	1	2016	$258,800	$138,100	$396,900	$350,000	04/14/2010	$72,533	10/09/2002	21:53:51	841
1202	2 CANAAN LEDGE LN	413/  29/  /  / 	  3275/0588	$432,200	$432,200	2	1010	SINGLE FAM MDL01	ELD	1	2016	$294,100	$138,100	$432,200	$315,000	04/28/2006	$88,000	08/31/2001	21:53:55	842
1203	72 GRAFTON TK	413/  30/  /  / 	  4112/0911	$327,200	$327,200	2	1010	SINGLE FAM MDL01	ELD	1	2016	$189,100	$138,100	$327,200	$2,667	03/02/2015			21:53:57	843
1204	70 GRAFTON TK	413/  31/  /  / 	  4186/ 285	$333,100	$333,100	2	1010	SINGLE FAM MDL01	ELD	1	2016	$187,600	$145,500	$333,100	$0	01/05/2016	$133,333	08/02/1993	21:53:59	844
1206	GRAFTON TK	413/  33/  /  / 	  2365/0637	$625,400	$625,400	556	9000	US GOVT	SD	1	2016	$0	$625,400	$625,400	$205,720	12/21/1998			21:54:01	845
1207	5 FLINT HILL RD	414/  1/  /  / 	  4358/0113	$16,100	$16,100	1.1	1320	RES ACLNUD	RD	1	2016	$0	$16,100	$16,100	$0	05/04/2018	$50,000	01/16/1997	21:54:03	846
1338	61 POUT POND LN	415/  14/  /  / 	  3896/0042	$667,900	$694,000	5.28	1010	SINGLE FAM MDL01	RD	1	2016	$489,600	$204,400	$694,000	$675,000	07/03/2012	$336,634	02/14/1994	21:54:05	847
1342	69 POUT POND LN	415/  17/  /  / 	  4488/ 652	$686,800	$686,800	5.28	1010	SINGLE FAM MDL01	RD	1	2016	$456,000	$230,800	$686,800	$675,000	12/17/2019	$645,000	08/30/2016	21:54:09	848
1343	73 POUT POND LN	415/  18/  /  / 	  1972/0070	$299,200	$299,200	5.47	1010	SINGLE FAM MDL01	RD	1	2016	$100,700	$198,500	$299,200	$0	06/13/1991	$70,000	01/09/1988	21:54:11	849
1352	82 POUT POND LN	415/  20/  1000/  / 	  2179/ 517	$515,700	$737,500	67.57	1010	SINGLE FAM MDL01	MFD	1	2016	$280,600	$456,900	$737,500	$115,000	01/29/1996	$300,000	03/26/1986	21:54:14	850
1353	79 POUT POND LN	415/  20/  2000/  / 	  2011/0416	$897,300	$978,300	11.08	1010	SINGLE FAM MDL01	RD	1	2016	$642,000	$336,300	$978,300	$115,048	02/03/1993	$300,000	03/26/1986	21:54:17	851
1354	84 POUT POND LN	415/  20/  3000/  / 	  4999/ 808	$692,600	$771,300	9.13	1090	MULTI HSES	RD	2	2016	$347,500	$423,800	$771,300	$0	02/10/2020	$225,048	05/20/1993	21:54:20	852
1355	101 SMITH MOUNTAIN RD	415/  21/  /  / 	  3867/0316	$7,500	$251,200	139	6103	WPM-3	MFD	1	2016	$0	$251,200	$251,200	$141,333	03/22/2012			21:54:24	853
1356	141 SMITH MOUNTAIN RD	415/  22/  /  / 	  2380/0428	$59,500	$2,464,300	1871.8	6214	HWMR-4	MFD	1	2016	$0	$2,464,300	$2,464,300	$1,125,000	03/19/1999	$4,000	06/02/1997	21:54:26	854
1358	121 TROUT POND LN	415/  24/  /  / 	  3081/0934	$1,800	$30,700	31	6234	HWUNR-4	MFD	1	2016	$0	$30,700	$30,700	$9,800	11/30/2004	$1,000	01/04/1957	21:54:28	855
1360	200 SMITH MOUNTAIN RD	415/  26/  /  / 	  3792/0264	$12,400	$228,600	117.4	6133	WPUNR-3	MFD	1	2016	$0	$228,600	$228,600	$117,000	05/10/2011	$5,000	04/10/1987	21:54:30	856
1361	174 SMITH MOUNTAIN RD	415/  27/  /  / 	   939/ 581	$3,000	$142,400	63.7	6232	HWUNR-2	MFD	1	2016	$0	$142,400	$142,400	$0	12/02/1960			21:54:33	857
1362	164 SMITH MOUNTAIN RD	415/  28/  /  / 	  4159/ 807	$14,700	$96,100	130	1320	RES ACLNUD	MFD	1	2016	$0	$96,100	$96,100	$0	09/18/2015			21:54:35	858
1364	66 ORFORDVILLE RD	416/  1/  /  / 	  4182/  49	$1,500	$221,800	18	6225	HWUN-5	RD	1	2016	$0	$221,800	$221,800	$440,000	12/23/2015	$200,000	10/02/1997	21:54:38	859
1365	58 ORFORDVILLE RD	416/  2/  /  / 	  4030/0969	$200	$29,900	2.9	6235	HWUNR-5	RD	1	2016	$0	$29,900	$29,900	$0	12/13/2013	$30,000	05/11/2010	21:54:41	860
1366	40 ORFORDVILLE RD	416/  3/  /  / 	  3477/0857	$1,600	$208,500	41	6215	HWMR-5	RD	1	2016	$0	$208,500	$208,500	$150,000	12/17/2007	$145,048	07/18/1991	21:54:43	861
1367	179 PINNACLE RD	416/  4/  /  / 	  1924/0324	$222,700	$222,700	9.5	1030	MOBILE HOM  MDL-02	RD	1	2016	$15,000	$207,700	$222,700	$0	08/16/1991			21:54:46	862
1373	226 PINNACLE RD	416/  10/  /  / 	  1529/0441	$1,404,700	$1,599,700	44.50	1090	MULTI HSES	RD	2	2016	$970,800	$628,900	$1,599,700	$190,000	12/19/1984			21:54:50	863
1171	177 GRAFTON TK	413/  7/  /  / 	  2508/0665	$1,200	$83,700	14.3	6225	HWUN-5	ELD	1	2016	$0	$83,700	$83,700	$25,000	12/19/2000	$18,500	02/27/1987	21:54:53	864
1374	15 DAVISON LN	416/  11/  /  / 	  4124/0466	$496,700	$496,700	9.35	1010	SINGLE FAM MDL01	RD	1	2016	$271,300	$225,400	$496,700	$0	04/24/2015	$65,000	06/06/1975	21:54:56	865
1379	30 DAVISON LN	416/  14/  /  / 	  1783/0870	$4,300	$144,500	65.7	6235	HWUNR-5		1	2016	$0	$144,500	$144,500	$7,722	12/30/1988			21:54:58	866
1382	16 DAVISON LN	416/  16/  /  / 	  4383/0408	$958,600	$958,600	3.6	1010	SINGLE FAM MDL01		1	2016	$613,200	$345,400	$958,600	$880,000	08/22/2018	$330,000	10/18/1989	21:54:59	867
1187	194 GRAFTON TK	413/  13/  /  / 	  2490/0597	$500	$72,300	6.3	6225	HWUN-5	ELD	1	2016	$0	$72,300	$72,300	$27,533	09/29/2000	$1	06/05/1981	21:55:02	868
1384	196 PINNACLE RD	416/  18/  /  / 	  3478/0839	$860,400	$1,188,900	58.9	1010	SINGLE FAM MDL01	RD	1	2016	$633,900	$555,000	$1,188,900	$0	12/21/2007			21:55:06	869
1385	192 PINNACLE RD	416/  19/  /  / 	 04357/0060	$720,000	$830,400	10.51	1010	SINGLE FAM MDL01	RD	1	2016	$547,700	$282,700	$830,400	$837,500	04/30/2018	$4,000	12/09/1994	21:55:10	870
1386	25 PONY HILL LN	416/  20/  /  / 	002951/0697	$1,202,600	$1,526,500	48	1010	SINGLE FAM MDL01	RD	1	2016	$800,900	$725,600	$1,526,500	$800,000	01/23/2004			21:55:14	871
1388	3 TROUT POND LN	416/  22/  /  / 	PRO-2012	$8,200	$264,000	135	6222	HWUN-2	MFD	1	2016	$0	$264,000	$264,000	$0	06/08/2012	$3,000	03/01/1966	21:55:18	872
1389	36 PONY HILL LN	416/  23/  /  / 	  1295/0448	$336,800	$365,700	15	1010	SINGLE FAM MDL01	RD	1	2016	$159,400	$206,300	$365,700	$0				21:55:19	873
1394	100 DAVISON LN	416/  24/  /  / 	  2299/0262	$11,800	$166,300	378	6213	HWMR-3		1	2016	$0	$166,300	$166,300	$0	02/24/1998	$20,000	02/02/1996	21:55:23	874
1399	281 SMITH MOUNTAIN RD	416/  25/  /  / 	  3081/0934	$3,600	$61,600	70	6233	HWUNR-3	MFD	1	2016	$0	$61,600	$61,600	$9,800	11/30/2004			21:55:27	875
1400	180 CELLARS LN	416/  26/  /  / 	  3081/0934	$6,300	$93,700	131	6232	HWUNR-2	MFD	1	2016	$0	$93,700	$93,700	$9,800	11/30/2004			21:55:30	876
1401	190 CELLARS LN	416/  27/  /  / 	  3759/0935	$3,300	$49,300	56	6323	OTUN-3	MFD	1	2016	$0	$49,300	$49,300	$2,086,533	12/17/2010			21:55:33	877
1402	115 ORFORDVILLE RD	417/  1/  /  / 	  2621/0721	$4,000	$305,600	30.1	6325	OTUN-5	RD	1	2016	$0	$305,600	$305,600	$150,000	01/07/2002	$65,048	03/25/1992	21:55:34	878
1403	137 ORFORDVILLE RD	417/  2/  /  / 	  3231/0774	$100	$8,500	3.1	6810	WETLANDS-REC	RD	1	2016	$0	$8,500	$8,500	$0	12/12/2005	$144,000	11/19/1994	21:55:36	879
1410	120 ORFORDVILLE RD	417/  6/  1000/  / 	  1920/0238	$274,600	$358,200	11.15	1010	SINGLE FAM MDL01	RD	1	2016	$165,400	$192,800	$358,200	$55,048	07/18/1991			21:55:39	880
1412	124 CELLARS LN	417/  7/  /  / 	  4157/  66	$202,900	$311,900	25.00	1010	SINGLE FAM MDL01	MFD	1	2016	$105,000	$206,900	$311,900	$0	09/09/2015	$4,000	02/25/1974	21:55:42	881
1413	395 SMITH MOUNTIAN RD	418/  1/  /  / 	  2008/0656	$2,100	$86,600	35	6221	HWUN-1	MFD	1	2016	$0	$86,600	$86,600	$4,000	12/28/1992			21:55:44	882
1417	370 SMITH MOUNTAIN RD	418/  3/  /  / 	  1411/0301	$16,700	$345,400	314	6234	HWUNR-4	MFD	1	2016	$0	$345,400	$345,400	$60,000	12/02/1980			21:55:46	883
102642	Problem loading parcel PID 102642, Map 201 Lot 35.1
102643	Problem loading parcel PID 102643, Map 401 Lot 55.1010
101204	 WHIPPLE HILL RD	407/  86/  6000/  / 	  2524/0286	$2,800	$206,800	7.61	6506	FARM-6	RD	1	2016	$0	$206,800	$206,800	$0	03/21/2001	$500,000	11/18/1986	21:55:57	886
101205	 WHIPPLE HILL RD	407/  86/  7000/  / 	  2524/0286	$2,500	$213,100	7.5	6126	WPUN-6	RD	1	2016	$0	$213,100	$213,100	$0	03/21/2001	$500,000	11/18/1986	21:56:01	887
101262	46 POUT POND LN	414/  65/  /  / 	  4541/ 909	$591,300	$649,200	12.14	1010	SINGLE FAM MDL01	RD	1	2016	$405,400	$243,800	$649,200	$702,000	08/03/2020	$13,500	07/20/2000	21:56:03	888
101203	 WHIPPLE HILL RD	407/  86/  5000/  / 	  2524/0286	$6,400	$244,300	15.1	6506	FARM-6	RD	1	2016	$0	$244,300	$244,300	$0	03/21/2001	$500,000	11/18/1986	21:56:07	889
100822	605 RIVER RD	405/  26/  /  / 	  3561/0702	$437,800	$781,500	22.00	1013	SFR WATER  MDL-01	RD	1	2016	$147,600	$633,900	$781,500	$817,533	10/31/2008			21:56:11	890
102854	158 GOOSE POND RD	401/  31/  2000/  / 	  4274/0187	$158,700	$158,700	1.04	1010	SINGLE FAM MDL01	RD	1	2016	$67,300	$91,400	$158,700	$0	03/23/2017			21:56:12	891
100863	161 GOOSE POND RD	401/  23/  1200/  / 	  2966/0694	$267,300	$267,300	3.44	1010	SINGLE FAM MDL01		1	2016	$162,900	$104,400	$267,300	$0	02/29/2004	$25,000	06/18/1999	21:56:16	892
101082	10 WHIPPLE HILL RD-GRAVELPIT	407/  86/  1100/  / 	  2524/0286	$179,500	$179,500	4.27	4430	GRAVEL PIT	RD	1	2016	$0	$179,500	$179,500	$0	03/21/2001			21:56:18	893
101143	53 SMITH MOUNTAIN RD	414/  15/  /  / 	  2491/0503	$796,000	$884,500	24.5	1010	SINGLE FAM MDL01		1	2016	$588,800	$295,700	$884,500	$0	09/06/2000			21:56:21	894
100582	85 DARTMOUTH COLLEGE HY #9030	401/  55/  903/  / 	  4284/0022	$385,200	$385,200	0.00	1021	CONDO NL  MDL-05	BD	1	2016	$385,200	$0	$385,200	$0	05/15/2017	$310,000	05/20/2009	21:56:25	895
100622	81 BRECK HILL RD	405/  3/  /  / 	  2468/0135	$1,500	$54,500	8.26	6126	WPUN-6	RD	1	2016	$0	$54,500	$54,500	$280,000	05/09/2000	$6,000	08/13/1988	21:56:27	896
100142	85 DARTMOUTH COLLEGE HY #1010	401/  55/  101/  / 	  4263/0860	$197,500	$197,500	0.00	1021	CONDO NL  MDL-05	BD	1	2016	$197,500	$0	$197,500	$0	01/25/2017	$179,933	02/27/2003	21:56:30	897
100162	85 DARTMOUTH COLLEGE HY #1020	401/  55/  102/  / 	  3704/0320	$197,500	$197,500	0	1021	CONDO NL  MDL-05	BD	1	2016	$197,500	$0	$197,500	$192,000	05/13/2010	$215,000	05/19/2005	21:56:33	898
100163	85 DARTMOUTH COLLEGE HY #1030	401/  55/  103/  / 	  4220/0349	$247,300	$247,300	0	1021	CONDO NL  MDL-05	BD	1	2016	$247,300	$0	$247,300	$235,000	07/18/2016	$230,000	10/15/2003	21:56:36	899
100164	85 DARTMOUTH COLLEGE HY #1050	401/  55/  105/  / 	  4210/0461	$224,700	$224,700	0	1021	CONDO NL  MDL-05	BD	1	2016	$224,700	$0	$224,700	$225,000	05/31/2016	$245,000	06/12/2007	21:56:39	900
100243	82 NORTH THETFORD RD	407/  53/  4000/  / 	PRO315-2010	$637,100	$708,100	11.18	1010	SINGLE FAM MDL01	RD	1	2016	$478,200	$229,900	$708,100	$0	02/01/2012	$650,000	07/12/2005	21:56:42	901
100282	205 ORFORD RD	407/  53/  3000/  / 	  4211/0344	$736,000	$736,000	8.7	1010	SINGLE FAM MDL01	RD	1	2016	$545,900	$190,100	$736,000	$591,500	06/07/2016	$60,000	09/23/1999	21:56:46	902
100462	85 DARTMOUTH COLLEGE HY #2030	401/  55/  203/  / 	  4299/0751	$204,700	$204,700	0	1021	CONDO NL  MDL-05		1	2016	$204,700	$0	$204,700	$195,000	07/24/2017	$189,000	05/13/2010	21:56:48	903
100000	106 PRESTON RD	402/  18/  1000/  / 	  3944/0114	$933,100	$1,006,700	15.33	1010	SINGLE FAM MDL01	RD	1	2016	$765,900	$240,800	$1,006,700	$0	12/28/2012	$160,000	01/20/2004	21:56:51	904
636	131 MUD TURTLE POND RD	406/  33/  /  / 	  2060/0453	$4,200	$4,200	1.1	1320	RES ACLNUD	RD	1	2016	$0	$4,200	$4,200	$1,111	11/12/1993	$154	05/10/1993	21:56:52	905
100322	117 BRECK HILL RD	405/  7/  /  / 	2160-0298	$4,300	$77,200	14.78	6514	FARMR-4	RD	1	2016	$0	$77,200	$77,200	$565,000	09/20/1995	$4,000	07/24/1989	21:56:55	906
1019	41 ISAAC PERKINS RD	409/  64/  /  / 	  1830/  26	$428,300	$428,300	3.2	1010	SINGLE FAM MDL01	RD	1	2016	$265,300	$163,000	$428,300	$37,263	10/26/1989			21:56:58	907
1101	59 PICO RD	410/  38/  /  / 	  4449/0260	$303,900	$303,900	2.07	1010	SINGLE FAM MDL01	RD	1	2016	$176,500	$127,400	$303,900	$320,000	07/10/2019	$262,733	07/28/2006	21:57:00	908
1124	183 GOOSE POND RD	410/  61/  /  / 	  1393/ 175	$134,500	$134,500	1.9	1030	MOBILE HOM  MDL-02	RD	1	2016	$39,500	$95,000	$134,500	$0				21:57:02	909
101243	32 POUT POND LN	409/  23/  1000/  / 	002703/0615	$842,500	$842,500	7.67	1010	SINGLE FAM MDL01	RD	1	2016	$621,200	$221,300	$842,500	$99,000	08/22/2002			21:57:05	910
100182	85 DARTMOUTH COLLEGE HY #1040	401/  55/  104/  / 	  4446/0341	$357,100	$357,100	0	1021	CONDO NL  MDL-05		1	2016	$357,100	$0	$357,100	$345,000	07/16/2019	$337,000	10/09/2015	21:57:06	911
1192	17 CANAAN LEDGE LN (L/O)	413/  19/  /  / 	 	$22,300	$22,300	2.7	9035	TOWN-PROP	ELD	1	2016	$0	$22,300	$22,300	$0				21:57:09	912
102	3 MAIN ST	201/  71/  /  / 	 	$111,500	$111,500	0.63	9010	STATE NH	LCD	1	2016	$7,500	$104,000	$111,500	$0				21:57:11	913
138	1 DORCHESTER RD	201/  95/  /  / 	  1005/ 574	$1,440,500	$1,440,500	0.33	906I	CHURCH ETC  MDL-96	LCD	1	2016	$1,194,500	$246,000	$1,440,500	$0				21:57:12	914
231	162 GOOSE POND RD	401/  31/  1000/  / 	   PC-/1985	$174,100	$174,100	1.03	1010	SINGLE FAM MDL01	RD	1	2016	$82,800	$91,300	$174,100	$0	09/12/1985			21:57:16	915
101582	 DORCHESTER RD	414/  48/  /  / 		$2,800	$118,800	54	6233	HWUNR-3		1	2016	$0	$118,800	$118,800	$0				21:57:19	916
274	20 WILMOTT WY	401/  64/  /  / 	  2107/0953	$369,700	$369,700	6	1010	SINGLE FAM MDL01	RD	1	2016	$230,700	$139,000	$369,700	$110,000	08/31/1994			21:57:21	917
100642	60 BRECK HILL RD	405/  49/  /  / 	  2468/0135	$33,000	$33,000	5	1320	RES ACLNUD	RD	1	2016	$0	$33,000	$33,000	$280,000	05/09/2000			21:57:23	918
537	125 BRECK HILL RD	405/  8/  /  / 	  4464/0381	$886,200	$886,200	4.06	1010	SINGLE FAM MDL01	RD	1	2016	$574,100	$312,100	$886,200	$900,000	09/11/2019	$230,900	10/07/1996	21:57:26	919
649	45 POST POND LN	407/  10/  /  / 	  2039/0056	$563,900	$563,900	0.42	1013	SFR WATER  MDL-01		1	2016	$309,000	$254,900	$563,900	$357,524	07/23/1993	$115,053	02/20/1990	21:57:29	920
720	216 ORFORD RD	407/  56/  1000/  / 	  4488/ 947	$388,200	$388,200	5.04	1010	SINGLE FAM MDL01	RD	1	2016	$213,000	$175,200	$388,200	$359,000	12/18/2019	$290,000	06/25/2014	21:57:31	921
311	92 PRESTON RD	402/  19/  /  / 	  3718/0951	$15,600	$637,800	146.1	6235	HWUNR-5	RD	1	2016	$0	$637,800	$637,800	$494,000	07/07/2010	$233,760	12/30/1986	21:57:33	922
234	148 GOOSE POND RD	401/  34/  /  / 	  4038/0683	$362,900	$362,900	1.9	1010	SINGLE FAM MDL01	RD	1	2016	$228,500	$134,400	$362,900	$290,000	01/31/2014	$45,000	04/06/2004	21:57:36	923
238	104 GOOSE POND RD	401/  38/  /  / 	  4166/ 733	$282,400	$282,400	2.6	1010	SINGLE FAM MDL01	RD	1	2016	$149,100	$133,300	$282,400	$0	10/15/2015	$155,000	05/01/2013	21:57:39	924
243	54 GOOSE POND RD	401/  40/  /  / 	  4586/ 837	$900	$9,700	1.1	1300	RES ACLNDV	RD	1	2016	$0	$9,700	$9,700	$1,845,000	12/21/2020	$315,000	07/22/2009	21:57:41	925
277	62 RIVER RD	401/  67/  /  / 	  4102/0216	$1,500	$58,200	4.4	6516	FARMR-6	RD	1	2016	$0	$58,200	$58,200	$550,000	12/19/2014	$300,000	11/20/2007	21:57:45	926
291	85 RIVER RD	401/  78/  /  / 	  4102/0216	$6,400	$139,200	20	6515	FARMR-5	RD	1	2016	$0	$139,200	$139,200	$550,000	12/19/2014			21:57:49	927
303	23 WASHBURN HILL RD	402/  11/  /  / 	  3835/0890	$571,300	$571,300	7.90	1040	TWO FAMILY	RD	2	2016	$392,100	$179,200	$571,300	$0	11/16/2011	$20,650	12/18/1999	21:57:52	928
317	71 PRESTON RD	402/  25/  /  / 	  2411/0774	$514,700	$514,700	2	1010	SINGLE FAM MDL01		1	2016	$361,800	$152,900	$514,700	$289,500	08/06/1999	$155,000	08/21/1989	21:57:53	929
122	32 PLEASANT ST	201/  85/  /  / 	  4599/ 918	$406,300	$406,300	0.7	1010	SINGLE FAM MDL01	LCD	1	2016	$273,000	$133,300	$406,300	$0	02/23/2021	$375,000	01/28/2005	21:57:56	930
124	26+28 PLEASANT ST	201/  87/  /  / 	  4171/ 903	$577,900	$577,900	1	1050	THREE FAM	LCD	2	2016	$354,900	$223,000	$577,900	$455,000	11/17/2015			21:57:59	931
142	11 DORCHESTER RD	201/  99/  /  / 	  4466/0210	$377,200	$377,200	1.71	1010	SINGLE FAM MDL01	LCD	1	2016	$167,300	$209,900	$377,200	$365,000	09/19/2019	$350,000	12/18/2007	21:58:01	932
152	38 HIGH ST	201/  105/  /  / 	  2446/0833	$260,000	$260,000	0.22	1010	SINGLE FAM MDL01	LCD	1	2016	$175,200	$84,800	$260,000	$0	02/15/2000	$4,000	08/08/1960	21:58:03	933
169	12 CREAMERY LN	201/  119/  /  / 	  4210/0547	$265,300	$265,300	0.61	1010	SINGLE FAM MDL01	LCD	1	2016	$154,200	$111,100	$265,300	$0	06/03/2016	$90,000	12/10/2013	21:58:04	934
180	19 ROCKY HILL LN	201/  130/  /  / 	  3840/0869	$812,100	$882,500	18.7	1010	SINGLE FAM MDL01		1	2016	$597,800	$284,700	$882,500	$0	12/06/2011	$653,000	07/19/2011	21:58:06	935
201	114 DARTMOUTH COLLEGE HY	401/  13/  1000/  / 	  4596/  46	$475,300	$592,200	29.93	1010	SINGLE FAM MDL01	RD	1	2016	$340,500	$251,700	$592,200	$580,000	01/21/2021	$501,200	09/30/2008	21:58:09	936
202	20 PRESTON RD	401/  13/  2000/  / 	  2400/0641	$685,600	$1,166,800	112.33	1010	SINGLE FAM MDL01	RD	1	2016	$392,300	$774,500	$1,166,800	$0	05/12/1999	$320,000	12/28/1995	21:58:11	937
100122	378 DORCHESTER RD	414/  55/  /  / 	  4246/0965	$546,700	$667,300	30	1010	SINGLE FAM MDL01	R	1	2016	$386,900	$280,400	$667,300	$0	10/09/2016	$115,000	07/17/2000	21:58:14	938
55	6 ON THE COMMON UNIT #6	201/  35/  0060/  / 	  2558/0753	$168,600	$168,600	0	1021	CONDO NL  MDL-05	CD	1	2016	$168,600	$0	$168,600	$2,666	06/21/2001	$94,500	06/29/2000	21:58:18	939
57	2 ON THE COMMON	201/  37/  /  / 	  4472/0485	$925,900	$925,900	1.4	1010	SINGLE FAM MDL01	LCD	1	2016	$695,900	$230,000	$925,900	$985,000	10/10/2019	$275,000	01/10/2003	21:58:21	940
62	30 UNION ST	201/  42/  /  / 	  2469/0823	$649,200	$649,200	0.46	1010	SINGLE FAM MDL01	LCD	2	2016	$485,300	$163,900	$649,200	$174,000	06/23/2000			21:58:22	941
65	24 UNION ST	201/  45/  /  / 	  4164/ 281	$544,900	$544,900	1.1	1010	SINGLE FAM MDL01	LCD	1	2016	$316,000	$228,900	$544,900	$0	10/01/2015	$460,000	04/26/2013	21:58:25	942
67	20 UNION ST (BIG ROCK)	201/  47/  /  / 	  3059/0499	$103,200	$103,200	12.82	9200	NON PROFIT  MDL-00	LCD	1	2016	$0	$103,200	$103,200	$0	09/29/2004	$475,000	05/29/2001	21:58:27	943
77	13 UNION ST	201/  51/  2000/  / 	  3831/0623	$578,400	$578,400	2.07	1010	SINGLE FAM MDL01	LCD	1	2016	$343,500	$234,900	$578,400	$501,000	11/01/2011	$308,500	01/12/2002	21:58:29	944
88	1 HAMILTON LN	201/  62/  /  / 	  2467/0958	$156,600	$156,600	0.26	1010	SINGLE FAM MDL01	LCD	1	2016	$43,200	$113,400	$156,600	$0	06/15/2000	$55,000	04/12/1994	21:58:31	945
95	2 EAST THETFORD RD	201/  69/  /  / 	  2501/0649	$542,700	$542,700	0.72	1040	TWO FAMILY		1	2016	$335,100	$207,600	$542,700	$280,000	11/21/2000	$140,000	02/03/1993	21:58:35	946
117	25 PLEASANT ST	201/  80/  0010/  / 	  3470/0508	$406,300	$406,300	0.00	102R	CONDO NL  MDL-01	LCD	2	2016	$406,300	$0	$406,300	$390,000	11/27/2007	$295,000	09/03/2003	21:58:37	947
29	14 MARKET ST	201/  22/  /  / 	  4339/0611	$656,100	$656,100	3.91	1010	SINGLE FAM MDL01	LCD	1	2016	$420,400	$235,700	$656,100	$2,666	01/23/2018	$294,000	10/02/2000	21:58:38	948
30	10 MARKET ST	201/  23/  /  / 	  3959/0892	$484,900	$484,900	1.38	1010	SINGLE FAM MDL01	LCD	1	2016	$266,700	$218,200	$484,900	$278,533	03/04/2013			21:58:41	949
33	6 MARKET ST	201/  26/  /  / 	  4368/0297	$328,000	$328,000	0.29	1010	SINGLE FAM MDL01	LCD	1	2016	$176,400	$151,600	$328,000	$0	06/19/2018	$329,067	06/25/2014	21:58:43	950
921	77 ACORN HILL RD	408/  64/  2000/  / 	  2446/0463	$507,600	$551,500	12.12	1090	MULTI HSES		2	2016	$302,400	$249,100	$551,500	$0	02/10/2000	$65,000	07/31/1985	21:58:44	951
934	108 FRANKLIN HILL RD	408/  70/  1000/  / 	  2503/0991	$1,200	$222,900	15.7	6115	WPMR-5	R	1	2016	$0	$222,900	$222,900	$2,667	11/30/2000	$47,000	09/04/1996	21:58:48	952
939	96 FRANKLIN HILL RD	408/  71/  1000/  / 	  2503/0992	$841,300	$1,036,700	47.12	1010	SINGLE FAM MDL01	RD	3	2016	$596,300	$440,400	$1,036,700	$2,667	11/30/2000	$585,000	09/13/1995	21:58:50	953
962	179 DORCHESTER RD	409/  15/  /  / 	  4313/0720	$451,100	$451,100	0.42	1010	SINGLE FAM MDL01	LCD	1	2016	$338,700	$112,400	$451,100	$460,000	09/25/2017	$392,533	06/17/2013	21:58:54	954
969	45 ACORN HILL RD	409/  22/  /  / 	  3470/0235	$299,400	$299,400	4.4	1010	SINGLE FAM MDL01	RD	1	2016	$143,300	$156,100	$299,400	$0	11/26/2007	$85,000	08/30/1996	21:58:55	955
977	8 ACORN HILL RD	409/  30/  /  / 	  4298/0327	$776,700	$776,700	5	1010	SINGLE FAM MDL01	RD	1	2016	$584,200	$192,500	$776,700	$732,000	07/17/2017	$715,000	06/24/2015	21:58:57	956
899	21 HARDSCRABBLE LN	408/  54/  /  / 	  4334/0863	$908,300	$1,129,600	30.3	1010	SINGLE FAM MDL01	RD	1	2016	$642,200	$487,400	$1,129,600	$1,200,000	12/28/2017	$900,000	09/08/1999	21:59:02	957
875	43 FRANKLIN HILL RD	408/  37/  /  / 	    PC/2003	$663,100	$663,100	3.65	1010	SINGLE FAM MDL01	RD	1	2016	$434,800	$228,300	$663,100	$0	09/24/2003	$143,000	05/01/2000	21:59:05	958
877	73 FRANKLIN HILL RD	408/  39/  /  / 	  4414/0452	$784,200	$871,700	11.34	1010	SINGLE FAM MDL01	RD	1	2016	$468,400	$403,300	$871,700	$795,000	01/31/2019	$545,000	12/13/1999	21:59:07	959
881	56 HORTON LN	408/  43/  /  / 	  2510/0926	$1,562,300	$1,644,300	20	1010	SINGLE FAM MDL01	RD	1	2016	$1,181,700	$462,600	$1,644,300	$485,000	01/12/2001	$80,000	12/15/1980	21:59:11	960
895	181 ACORN HILL RD	408/  50/  /  / 	  3891/0463	$941,900	$1,026,500	11.65	1010	SINGLE FAM MDL01	RD	1	2016	$743,700	$282,800	$1,026,500	$0	06/15/2012	$765,000	06/28/2006	21:59:15	961
896	11 HIGHBRIDGE RD	408/  51/  /  / 	  2470/0120	$1,387,300	$1,470,000	14.9	1010	SINGLE FAM MDL01	RD	1	2016	$1,117,300	$352,700	$1,470,000	$960,000	06/24/2000	$190,000	02/10/1992	21:59:19	962
898	11 HARDSCRABBLE LN	408/  53/  /  / 	  4335/0100	$1,200	$425,300	13.5	6226	HWUN-6	RD	1	2016	$0	$425,300	$425,300	$375,000	12/29/2017	$900,000	09/08/1999	21:59:22	963
839	39 PLEASANT ST	408/  2/  /  / 	  4584/ 724	$714,600	$900,500	41.97	1010	SINGLE FAM MDL01	LCD	1	2016	$534,600	$365,900	$900,500	$0	12/14/2020	$800,000	06/15/2018	21:59:25	964
768	150 ORFORD RD	407/  87/  /  / 	  2495/0263	$837,000	$837,000	2.2	3400	OFFICE BLD  MDL-94	RD	1	2016	$621,200	$215,800	$837,000	$0	10/23/2000			21:59:27	965
771	1 PINNACLE RD	407/  90/  /  / 	  3464/0860	$488,900	$488,900	5.4	0101	Single Fam	RD	1	2016	$283,000	$205,900	$488,900	$360,000	11/02/2007	$265,000	08/13/2002	21:59:29	966
785	65 PINNACLE RD	407/  97/  /  / 	  3866/0622	$1,138,100	$1,375,300	69.00	1010	SINGLE FAM MDL01	RD	2	2016	$824,000	$551,300	$1,375,300	$0	03/20/2012	$675,000	12/14/2001	21:59:31	967
799	112 HIGHBRIDGE RD	407/  109/  /  / 	  3926/0840	$558,800	$558,800	5.1	1010	SINGLE FAM MDL01	RD	1	2016	$375,900	$182,900	$558,800	$0	10/24/2012	$555,000	10/15/2007	21:59:33	968
27	22 MARKET ST	201/  20/  /  / 	  3701/0145	$536,700	$536,700	2.08	1010	SINGLE FAM MDL01	LCD	1	2016	$326,700	$210,000	$536,700	$0	05/17/2010	$437,533	08/21/2008	21:59:36	969
36	18 ON THE COMMON	201/  29/  /  / 	  4469/0248	$719,200	$719,200	2.2	3400	OFFICE BLD  MDL-94	LCD	1	2016	$303,000	$416,200	$719,200	$775,000	09/30/2019	$950,000	05/01/2007	21:59:38	970
51	6 ON THE COMMON UNIT #2	201/  35/  0020/  / 	  3856/0468	$160,700	$160,700	0	1021	CONDO NL  MDL-05	LCD	1	2016	$160,700	$0	$160,700	$107,133	02/07/2012	$4,000	06/28/1999	21:59:42	971
52	6 ON THE COMMON UNIT #3	201/  35/  0030/  / 	  3943/0473	$157,100	$157,100	0	1021	CONDO NL  MDL-05	LCD	1	2016	$157,100	$0	$157,100	$150,000	12/27/2012	$132,000	02/14/2005	21:59:45	972
53	6 ON THE COMMON UNIT #4	201/  35/  0040/  / 	  4220/0472	$181,500	$181,500	0	1021	CONDO NL  MDL-05	LCD	1	2016	$181,500	$0	$181,500	$176,000	07/14/2016	$140,000	07/30/2013	21:59:47	973
1387	50 PONY HILL LN	416/  21/  /  / 	  4339/0351	$2,800	$356,000	31	6234	HWUNR-4	RD	1	2016	$0	$356,000	$356,000	$0	01/22/2018	$120,000	06/29/1999	21:59:50	974
1406	128 ORFORDVILLE RD	417/  5/  /  / 	  2495/0444	$933,700	$1,388,500	77.6	1010	SINGLE FAM MDL01	RD	1	2016	$703,700	$684,800	$1,388,500	$200,000	10/24/2000	$150,000	03/25/1992	21:59:54	975
1462	622 DORCHESTER RD	420/  22/  /  / 	  2459/0214	$592,900	$755,800	73.67	1010	SINGLE FAM MDL01	ELD	1	2016	$316,800	$439,000	$755,800	$449,000	05/01/2000	$431,000	12/13/1999	21:59:58	976
1298	420 DORCHESTER RD	414/  53/  /  / 	  4350/0600	$1,180,800	$1,317,900	29.24	1010	SINGLE FAM MDL01	ELD	1	2016	$1,009,200	$308,700	$1,317,900	$1,300,000	03/29/2018	$535,000	08/14/2003	22:00:00	977
1319	266 DORCHESTER RD	414/  63/  /  / 	  4204/0599	$19,200	$195,400	20	1060	AC LND IMP	RD	1	2016	$4,000	$191,400	$195,400	$0	05/12/2016	$455,000	06/22/2009	22:00:02	978
1335	34 HARDSCRABBLE LN	415/  11/  /  / 	  2416/0844	$562,600	$562,600	20	1010	SINGLE FAM MDL01	RD	1	2016	$307,900	$254,700	$562,600	$249,000	05/07/1999	$95,000	09/14/1988	22:00:04	979
1340	65 POUT POND LN	415/  15/  /  / 	  4488/ 166	$420,500	$420,500	5.02	1080	SFR/ACC UNIT	RD	1	2016	$225,000	$195,500	$420,500	$399,000	12/16/2019	$325,000	07/11/2000	22:00:07	980
1341	67 POUT POND LN	415/  16/  /  / 	  4427/0561	$738,700	$738,700	6.11	1010	SINGLE FAM MDL01	RD	1	2016	$536,200	$202,500	$738,700	$0	04/18/2019	$550,000	04/15/2000	22:00:09	981
1344	75+77 POUT POND LN	415/  19/  /  / 	  4048/0440	$796,700	$1,300,800	298.1	1010	SINGLE FAM MDL01	RD	1	2016	$518,400	$782,400	$1,300,800	$1,462,533	04/04/2014	$4,000	06/23/1992	22:00:14	982
1263	307 DORCHESTER RD	414/  32/  /  / 	  4232/0263	$326,500	$565,000	37.5	1010	SINGLE FAM MDL01	RD	1	2016	$156,000	$409,000	$565,000	$0	09/06/2016			22:00:17	983
787	67+69 PINNACLE RD	407/  99/  /  / 	  1830/ 743	$429,700	$429,700	0.7	1090	MULTI HSES	RD	2	2016	$263,200	$166,500	$429,700	$95,053	10/31/1989			22:00:21	984
963	181 DORCHESTER RD	409/  16/  /  / 	  3876/0956	$484,900	$484,900	0.59	3400	OFFICE BLD  MDL-94	LCD	1	2016	$245,600	$239,300	$484,900	$325,000	04/27/2012			22:00:24	985
1058	294 BAKER HILL RD	410/  3/  /  / 	  4519/ 343	$26,400	$280,200	26	1060	AC LND IMP	RD	1	2016	$9,400	$270,800	$280,200	$396,933	05/14/2020			22:00:27	986
1277	443 DORCHESTER RD	414/  44/  /  / 	  4193/0233	$13,900	$294,200	149	6334	OTUNR-4	ELD	1	2016	$0	$294,200	$294,200	$50,000	03/15/2016			22:00:30	987
1363	461 DORCHESTER RD	415/  29/  /  / 	  3850/0766	$8,500	$89,400	112	1320	RES ACLNUD	MFD	1	2016	$0	$89,400	$89,400	$75,000	12/29/2011			22:00:31	988
1448	615 DORCHESTER RD	420/  8/  /  / 	  2105/0870	$183,000	$282,000	15.1	1300	RES ACLNDV	ELD	1	2016	$0	$282,000	$282,000	$4,000	08/20/1994	$160,000	01/26/1990	22:00:33	989
100264	80 NORTH THETFORD RD	404/  51/  /  / 	  3700/0068	$400	$208,200	11.46	6334	OTUNR-4	RD	1	2016	$0	$208,200	$208,200	$0	04/12/2010	$125,000	10/08/2002	22:00:36	990
100583	95 DARTMOUTH COLLEGE HY #1234	401/  55/  123/  / 	  2327/0460	$1,848,200	$1,848,200	0.00	904C	PRI SCHOOL  MDL-94	BD	4	2016	$1,848,200	$0	$1,848,200	$750,000	07/08/1998			22:00:40	991
101162	15 MAIN ST	201/  77/  E/  / 	  4157/0986	$526,400	$526,400	0.80	0912	HISTORICAL/APT	LCD	1	2016	$273,300	$253,100	$526,400	$553,000	09/17/2015	$525,000	05/12/2010	22:00:43	992
1070	168 BAKER HILL RD	410/  11/  /  / 	  3718/0518	$231,900	$231,900	9.2	1030	MOBILE HOM  MDL-02	RD	1	2016	$62,100	$169,800	$231,900	$0	07/06/2010			22:00:45	993
1075	Problem loading parcel PID 1075, Map 410 Lot 13.1
1077	44 BAILEY HILL LN	410/  33/  2000/  / 	  3848/0046	$30,700	$997,900	525	6234	HWUNR-4	RD	1	2016	$0	$997,900	$997,900	$0	12/30/2011	$1,330,000	09/15/2006	22:00:53	995
1078	99 BEAR HILL LN	410/  15/  /  / 	  4008/0854	$304,800	$304,800	6.2	1010	SINGLE FAM MDL01	RD	1	2016	$200,900	$103,900	$304,800	$289,000	09/04/2013	$170,000	05/08/2003	22:00:57	996
1081	103 BEAR HILL LN	410/  18/  /  / 	  3869/0217	$100	$92,100	0.94	6133	WPUNR-3	RD	1	2016	$0	$92,100	$92,100	$0	03/15/2012	$65,000	11/16/2007	22:00:59	997
1082	107 BEAR HILL LN	410/  19/  /  / 	  3380/0854	$129,600	$129,600	0.91	1010	SINGLE FAM MDL01	RD	1	2016	$33,700	$95,900	$129,600	$0	02/15/2007	$5,000	12/07/1987	22:01:02	998
1083	111 BEAR HILL LN	410/  20/  /  / 	  3869/0217	$3,900	$572,000	116	6333	OTUNR-3	RD	1	2016	$0	$572,000	$572,000	$0	03/15/2012	$350,000	02/18/2005	22:01:04	999
1084	102 BEAR HILL LN	410/  21/  /  / 	  3869/0217	$100	$33,700	0.63	6133	WPUNR-3	RD	1	2016	$0	$33,700	$33,700	$0	03/15/2012	$36,000	01/04/2008	22:01:06	1000
1085	38 BAILEY HILL LN	410/  22/  /  / 	  3869/0214	$1,300	$140,400	13.28	6124	WPUN-4	RD	1	2016	$0	$140,400	$140,400	$0	03/21/2012			22:01:10	1001
1087	24 BAILEY HILL LN	410/  24/  /  / 	  3657/0390	$83,500	$83,500	8	1300	RES ACLNDV	RD	1	2016	$0	$83,500	$83,500	$0	10/27/2009	$60,000	09/02/2004	22:01:13	1002
1091	205 BAKER HILL RD	410/  28/  /  / 	  1245/ 349	$234,400	$234,400	1.93	1010	SINGLE FAM MDL01	RD	1	2016	$89,200	$145,200	$234,400	$0	03/18/1975			22:01:17	1003
1092	215 BAKER HILL RD	410/  29/  /  / 	  2354/0060	$470,800	$470,800	4.06	1010	SINGLE FAM MDL01	RD	1	2016	$309,500	$161,300	$470,800	$168,000	11/06/1998	$149,000	07/01/1997	22:01:20	1004
1093	7 CLAFLIN LN	410/  30/  /  / 	  4179/ 709	$139,200	$139,200	7.89	1300	RES ACLNDV	RD	1	2016	$0	$139,200	$139,200	$52,000	12/17/2015	$73,000	04/07/1980	22:01:23	1005
1094	15 CLAFLIN LN	410/  31/  /  / 	  4612/ 260	$420,500	$420,500	17.7	1010	SINGLE FAM MDL01	RD	1	2016	$179,900	$240,600	$420,500	$405,000	03/17/2021			22:01:26	1006
1096	42 CLAFLIN LN	410/  33/  1000/  / 	  4557/ 709	$1,862,900	$2,324,500	77.52	1090	MULTI HSES	RD	3	2016	$1,543,900	$780,600	$2,324,500	$2,575,000	09/24/2020	$1,550,000	10/05/2009	22:01:29	1007
1098	25 PICO RD	410/  35/  /  / 	  4040/0208	$1,800	$227,800	26	6236	HWUNR-6	RD	1	2016	$0	$227,800	$227,800	$0	02/10/2014	$27,000	02/12/1999	22:01:32	1008
1102	65 PICO RD	410/  39/  /  / 	  3550/0554	$229,000	$229,000	2.44	1010	SINGLE FAM MDL01	RD	1	2016	$94,200	$134,800	$229,000	$180,000	09/15/2008			22:01:34	1009
1104	7 BLISS LN	410/  41/  /  / 	  4328/0018	$724,900	$969,700	40.83	1010	SINGLE FAM MDL01	RD	1	2016	$535,000	$434,700	$969,700	$0	11/29/2017	$795,000	02/10/2014	22:01:37	1010
1105	31 BLISS LN	410/  42/  /  / 	  3497/0389	$725,500	$970,800	42.00	1010	SINGLE FAM MDL01	RD	1	2016	$538,000	$432,800	$970,800	$810,000	03/06/2008	$4,000	08/19/1988	22:01:40	1011
692	13 NORTH THETFORD RD	407/  32/  /  / 	  2495/0042	$798,100	$798,100	3.72	1090	MULTI HSES	RD	2	2016	$570,600	$227,500	$798,100	$500,000	10/29/2000	$8,500	06/24/1988	22:01:43	1012
1109	74 BLISS LN	410/  46/  1000/  / 	  4046/0956	$868,500	$1,143,300	54.35	1010	SINGLE FAM MDL01	RD	2	2016	$653,900	$489,400	$1,143,300	$1,695,000	03/27/2014	$1,025,000	06/04/2012	22:01:45	1013
694	17 NORTH THETFORD RD	407/  34/  /  / 	  3793/0253	$343,200	$343,200	2.03	1010	SINGLE FAM MDL01	RD	1	2016	$191,000	$152,200	$343,200	$245,000	05/17/2011	$113,000	06/30/1998	22:01:46	1014
1111	60 BLISS LN	410/  48/  /  / 	  1327/0271	$128,800	$128,800	2.9	1300	RES ACLNDV	RD	1	2016	$0	$128,800	$128,800	$0				22:01:47	1015
1112	54 BLISS LN	410/  49/  /  / 	  1677/ 894	$365,300	$365,300	3	1010	SINGLE FAM MDL01	RD	1	2016	$196,600	$168,700	$365,300	$4,000	07/02/1981			22:01:51	1016
1113	50 BLISS LN	410/  50/  /  / 	   PRO/2000	$296,000	$528,800	70.9	1030	MOBILE HOM  MDL-02	RD	1	2016	$73,200	$455,600	$528,800	$0	10/02/2000			22:01:53	1017
695	21 NORTH THETFORD RD	407/  35/  /  / 	002784/0570	$373,100	$373,100	7.97	1010	SINGLE FAM MDL01	RD	1	2016	$179,300	$193,800	$373,100	$0	02/27/2003	$147,000	08/11/1999	22:01:56	1018
706	30 NORTH THETFORD RD	407/  46/  /  / 	  2482/0411	$410,100	$410,100	4.9	1010	SINGLE FAM MDL01	RD	1	2016	$213,600	$196,500	$410,100	$189,000	08/22/2000	$165,000	08/08/1994	22:01:58	1019
960	175 DORCHESTER RD	409/  13/  /  / 	  1990/0036	$324,700	$324,700	0.43	0101	Single Fam	LCD	1	2016	$209,600	$115,100	$324,700	$100,000	09/23/1992			22:01:59	1020
961	177 DORCHESTER RD	409/  14/  /  / 	  0880/0574	$627,600	$627,600	2.80	906I	CHURCH ETC  MDL-96	LCD	2	2016	$383,800	$243,800	$627,600	$0				22:02:04	1021
964	15 DERBY LN	409/  17/  /  / 	  4501/ 324	$211,200	$211,200	4.1	1300	RES ACLNDV	LCD	1	2016	$0	$211,200	$211,200	$218,700	02/18/2020			22:02:06	1022
965	183 DORCHESTER RD (LCAB)	409/  18/  /  / 	 	$755,500	$755,500	1.3	903C	MUNICPAL  MDL-94	LCD	1	2016	$524,400	$231,100	$755,500	$0				22:02:08	1023
1121	305 BAKER HILL RD	410/  58/  /  / 	  1880/0011	$369,900	$369,900	1.1	1010	SINGLE FAM MDL01	RD	1	2016	$221,000	$148,900	$369,900	$10,000	09/14/1990			22:02:10	1024
1122	171 GOOSE POND RD	410/  59/  /  / 	PRO-2013	$134,500	$134,500	2.9	1030	MOBILE HOM  MDL-02	RD	1	2016	$31,900	$102,600	$134,500	$0	12/17/2013	$1,500	05/24/1976	22:02:14	1025
773	21 PINNACLE RD	407/  92/  /  / 	  4166/ 137	$142,900	$142,900	6.7	1300	RES ACLNDV	RD	1	2016	$0	$142,900	$142,900	$0	10/20/2015			22:02:17	1026
774	31 PINNACLE RD	407/  93/  /  / 	  4020/0964	$308,900	$308,900	2	1010	SINGLE FAM MDL01	RD	1	2016	$161,200	$147,700	$308,900	$1	10/24/2013			22:02:21	1027
775	33 PINNACLE RD	407/  94/  /  / 	  1619/0305	$292,100	$292,100	5.3	1010	SINGLE FAM MDL01	RD	1	2016	$127,300	$164,800	$292,100	$0	09/03/1986			22:02:24	1028
776	35 PINNACLE RD	407/  95/  /  / 	  4622/ 621	$610,900	$610,900	4.1	1010	SINGLE FAM MDL01	RD	1	2016	$404,000	$206,900	$610,900	$700,000	04/19/2021			22:02:26	1029
102956	DARTMOUTH COLLEGE HY	401/  53/  2000/  / 	  4013/ 0515	$237,100	$237,100	25	1300	RES ACLNDV	RD	1	2016	$0	$237,100	$237,100	$233,400	09/23/2013			22:02:28	1030
1208	17 FLINT HILL RD	414/  2/  /  / 	  4344/0915	$456,500	$456,500	2.1	1010	SINGLE FAM MDL01	RD	1	2016	$293,700	$162,800	$456,500	$0	02/23/2018	$308,000	12/30/1996	22:02:30	1031
1209	21 FLINT HILL RD	414/  3/  /  / 	  4140/0820	$493,600	$493,600	9	1010	SINGLE FAM MDL01	RD	1	2016	$294,100	$199,500	$493,600	$448,000	07/06/2015	$4,000	02/16/1999	22:02:34	1032
1211	35 POUT POND LN	414/  5/  /  / 	  3046/0042	$284,000	$284,000	5.03	1010	SINGLE FAM MDL01	RD	1	2016	$116,300	$167,700	$284,000	$182,000	08/25/2004	$88,600	09/19/1990	22:02:36	1033
1212	39 POUT POND LN	414/  6/  /  / 	  3316/0974	$660,800	$660,800	6.4	1010	SINGLE FAM MDL01	RD	1	2016	$470,800	$190,000	$660,800	$140,000	08/15/2006	$119,000	06/01/2005	22:02:40	1034
1213	45 POUT POND LN	414/  7/  /  / 	  4207/0517	$560,900	$560,900	3.46	1010	SINGLE FAM MDL01		1	2016	$371,600	$189,300	$560,900	$565,000	05/20/2016	$541,000	07/31/2012	22:02:43	1035
1215	60 POUT POND LN	414/  9/  1000/  / 	  1963/0583	$5,000	$419,900	41.9	6134	WPUNR-4	RD	1	2016	$0	$419,900	$419,900	$1	12/04/1991			22:02:47	1036
1222	75 FLINT HILL RD	414/  11/  1100/  / 	  4110/0719	$539,000	$611,500	12.80	1010	SINGLE FAM MDL01	RD	3	2016	$343,200	$268,300	$611,500	$0	02/13/2015	$425,000	02/20/2009	22:02:50	1037
1223	63 FLINT HILL RD	414/  11/  1200/  / 	  3669/0147	$7,600	$428,700	90.4	6135	WPUNR-5	RD	1	2016	$0	$428,700	$428,700	$400,000	12/16/2009	$215,000	11/25/1998	22:02:53	1038
1225	91 FLINT HILL RD	414/  12/  /  / 	  1964/ 126	$394,400	$441,400	12.4	1010	SINGLE FAM MDL01	RD	1	2016	$222,900	$218,500	$441,400	$0	04/30/1992	$4,000	06/07/1988	22:02:57	1039
1226	80 POUT POND LN	414/  13/  /  / 	  3669/0171	$1,289,400	$1,445,800	43.7	1010	SINGLE FAM MDL01		1	2016	$831,300	$614,500	$1,445,800	$900,000	12/16/2009	$115,000	05/09/1994	22:02:59	1040
1227	39 SMITH MOUNTAIN RD	414/  14/  /  / 	  4085/ 718	$574,300	$785,600	65	1010	SINGLE FAM MDL01	MFD	1	2016	$425,300	$360,300	$785,600	$785,000	10/01/2014	$55,000	04/28/1988	22:03:03	1041
1228	55 SMITH MOUNTAIN RD	415/  30/  /  / 	  3638/0924	$330,800	$506,600	70.1	1010	SINGLE FAM MDL01	RD	1	2016	$162,200	$344,400	$506,600	$0	08/17/2009	$4,000	04/08/1994	22:03:07	1042
1230	30 SMITH MOUNTAIN RD	414/  17/  /  / 	  4111/0830	$493,300	$637,200	39	1010	SINGLE FAM MDL01	RD	1	2016	$358,200	$279,000	$637,200	$0	02/23/2015			22:03:11	1043
1232	12 SMITH MOUNTAIN RD	414/  19/  /  / 	  2031/0905	$303,600	$303,600	3.2	1010	SINGLE FAM MDL01	RD	1	2016	$156,500	$147,100	$303,600	$0	06/16/1993			22:03:13	1044
1233	99 FLINT HILL RD	414/  20/  /  / 	  4112/0072	$480,900	$480,900	4.2	1010	SINGLE FAM MDL01	RD	1	2016	$304,300	$176,600	$480,900	$0	02/25/2015			22:03:15	1045
1234	107 FLINT HILL RD	414/  21/  /  / 	  1480/0843	$266,100	$266,100	1.26	1010	SINGLE FAM MDL01	RD	1	2016	$129,400	$136,700	$266,100	$0	08/21/1983			22:03:18	1046
1236	119 FLINT HILL RD	414/  23/  /  / 	  2080/0748	$209,700	$209,700	8.9	1010	SINGLE FAM MDL01	RD	1	2016	$66,500	$143,200	$209,700	$0				22:03:20	1047
1247	74 FLINT HILL RD	414/  26/  1000/  / 	  3804/0023	$792,700	$926,800	23.6	1010	SINGLE FAM MDL01	RD	1	2016	$510,900	$415,900	$926,800	$779,000	07/05/2011	$350,000	03/21/1995	22:03:22	1048
1248	66 FLINT HILL RD	414/  26/  2000/  / 	  1464/0667	$691,300	$775,400	14.8	1080	SFR/ACC UNIT	RD	1	2016	$455,900	$319,500	$775,400	$0				22:03:24	1049
1249	44 FLINT HILL RD	414/  27/  /  / 	  1488/ 345	$590,700	$590,700	36.90	906R	CHURCH ETC  MDL-01	RD	1	2016	$176,600	$414,100	$590,700	$0				22:03:27	1050
101382	117 WHIPPLE HILL RD	407/  76/  2000/  / 	002805/0119	$421,400	$468,000	13.31	1010	SINGLE FAM MDL01	RD	1	2016	$239,200	$228,800	$468,000	$0	04/04/2003			22:03:28	1051
89	7 HAMILTON LN	201/  63/  /  / 	  1749/0748	$478,400	$614,500	57	1010	SINGLE FAM MDL01	LCD	1	2016	$238,900	$375,600	$614,500	$142,000	06/27/1988	$117,000	12/15/1986	22:03:29	1052
224	12 PELTON LN	401/  28/  /  / 	  3039/0757	$449,600	$449,600	5.97	1010	SINGLE FAM MDL01	RD	1	2016	$234,300	$215,300	$449,600	$305,000	08/17/2004	$23,300	12/09/1996	22:03:32	1053
272	30 WILMOTT WY (LAND ONLY)	401/  62/  /  / 	 	$11,300	$11,300	1.3	9035	TOWN-PROP	RD	1	2016	$0	$11,300	$11,300	$0				22:03:36	1054
401	187 RIVER RD	402/  103/  /  / 	 	$1,188,900	$1,188,900	44	9010	STATE NH	RD	1	2016	$0	$1,188,900	$1,188,900	$0				22:03:38	1055
518	120 NORTH THETFORD RD	404/  43/  /  / 	  4593/  46	$508,600	$508,600	7.1	1010	SINGLE FAM MDL01	RD	1	2016	$290,800	$217,800	$508,600	$525,000	01/12/2021	$420,000	03/14/2011	22:03:42	1056
1289	370 DORCHESTER RD	414/  49/  /  / 	  3846/0171	$2,600	$181,900	88.17	6212	HWMR-2	RD	1	2016	$0	$181,900	$181,900	$88,000	12/22/2011			22:03:46	1057
100103	188 GOOSE POND RD	410/  72/  /  / 	  3667/0146	$345,800	$463,900	19.5	1010	SINGLE FAM MDL01	RD	1	2016	$234,700	$229,200	$463,900	$0	12/02/2009	$170,000	05/20/1993	22:03:48	1058
